title
n = 10
P = 20
1 1 5
1 2 2
1 3 10
1 4 5
1 5 2
1 6 5
1 7 3
1 8 2
1 9 8
1 10 2
2 1 7
2 2 3
2 3 8
2 4 2
2 5 1
2 6 4
2 7 1
2 8 7
2 9 3
2 10 6
3 1 5
3 2 7
3 3 10
3 4 10
3 5 3
3 6 9
3 7 1
3 8 1
3 9 8
3 10 2
4 1 5
4 2 3
4 3 6
4 4 6
4 5 4
4 6 10
4 7 1
4 8 3
4 9 7
4 10 6
5 1 2
5 2 10
5 3 2
5 4 8
5 5 9
5 6 1
5 7 1
5 8 2
5 9 10
5 10 8
6 1 1
6 2 3
6 3 10
6 4 5
6 5 4
6 6 7
6 7 2
6 8 3
6 9 10
6 10 8
7 1 2
7 2 4
7 3 6
7 4 5
7 5 6
7 6 3
7 7 3
7 8 4
7 9 6
7 10 7
8 1 2
8 2 6
8 3 2
8 4 5
8 5 5
8 6 10
8 7 8
8 8 4
8 9 9
8 10 4
9 1 8
9 2 3
9 3 5
9 4 8
9 5 6
9 6 3
9 7 7
9 8 6
9 9 3
9 10 10
10 1 9
10 2 7
10 3 10
10 4 8
10 5 5
10 6 7
10 7 9
10 8 1
10 9 8
10 10 1
1 1 1 0.3780890542394295
1 1 2 0.37710170554037736
1 1 3 0.15756194235646426
1 1 4 0.3384993140860888
1 1 5 0.4647915982602603
1 1 7 0.2776932340088403
1 1 8 0.3313025625833742
1 1 10 0.12714661426928064
1 2 1 0.47939727030671475
1 2 2 0.44625678790745305
1 2 3 0.23946640775819594
1 2 4 0.1403517426874431
1 2 5 0.4639807369142943
1 2 6 0.4449221216703215
1 2 9 0.12508359700592553
1 2 10 0.4627256871525257
1 3 1 0.4153090876457064
1 3 2 0.4481551410073099
1 3 3 0.2807209106312023
1 3 4 0.37806607444204265
1 3 5 0.46858986795601476
1 3 7 0.49641127036955457
1 3 9 0.2801926199334567
1 3 10 0.2327786219340362
1 4 1 0.33925132044904527
1 4 2 0.013000284684377195
1 4 3 0.08804170249689858
1 4 4 0.3160465243209425
1 4 5 0.2264251733957663
1 4 6 0.3440623303205048
1 4 7 0.2606048783728805
1 4 8 0.03303309580762004
1 4 9 0.28730103124761164
1 4 10 0.12885614939428924
1 5 2 0.01276690239298961
1 5 3 0.09233098211773194
1 5 4 0.0883956101865726
1 5 5 0.1642495511352613
1 5 6 0.17949265547859405
1 5 7 0.05608453060561536
1 5 8 0.07987818414128833
1 5 10 0.04494955648538024
1 6 1 0.2040776461643613
1 6 3 0.18682707105225504
1 6 4 0.40445477597837953
1 6 5 0.3889404455885246
1 6 6 0.32593902352917026
1 6 7 0.0657126646172348
1 6 8 0.0040423602508476986
1 6 9 0.015172968820265087
1 6 10 0.25802405869214196
1 7 1 0.43865028915777704
1 7 2 0.3198420886038531
1 7 3 0.16428891920438116
1 7 4 0.24136783904016323
1 7 5 0.017012030122783073
1 7 7 0.27356099546791224
1 7 8 0.21948295096798764
1 7 9 0.27554037714666724
1 7 10 0.15245318053123535
1 8 1 0.401160248577087
1 8 2 0.21041623751151672
1 8 3 0.2636539355423154
1 8 4 0.2717500524429126
1 8 5 0.12996131421261736
1 8 6 0.19999625633216134
1 8 7 0.3291543959833422
1 8 10 0.23484266595906278
1 9 1 0.2753566947341256
1 9 2 0.23201437526399382
1 9 3 0.4837411201868025
1 9 4 0.048599671231733255
1 9 5 0.2101598171136594
1 9 6 0.4296789346141684
1 9 7 0.06938628730804342
1 9 8 0.2781315818494603
1 9 10 0.13615853527206467
1 10 1 0.1179744475601684
1 10 4 0.40639363812016904
1 10 5 0.06212771243913939
1 10 6 0.2837354626489196
1 10 7 0.037677554052378937
1 10 9 0.3264441810440556
1 10 10 0.004836553025595491
2 1 1 0.04120362783650455
2 1 3 0.40244238693639056
2 1 4 0.3115598922285019
2 1 5 0.18766969942961353
2 1 6 0.2395776466413495
2 1 7 0.28959070805239673
2 1 8 0.39815434309056885
2 1 9 0.36481955599425964
2 1 10 0.30805335406749923
2 2 1 0.2210459958185117
2 2 2 0.296151230981732
2 2 3 0.4943010045977698
2 2 4 0.06418323422314898
2 2 5 0.13988360965627067
2 2 6 0.32999672492459986
2 2 7 0.48312800873269035
2 2 8 0.14870414849870706
2 2 9 0.25975070985243676
2 2 10 0.4148925469870012
2 3 1 0.1260234388901088
2 3 2 0.25828909636678066
2 3 3 0.13347602369509837
2 3 4 0.08867710624888459
2 3 6 0.06565814342233511
2 3 7 0.2291470567002717
2 3 8 0.20592957894134656
2 3 9 0.3492782570611521
2 3 10 0.3815380607179739
2 4 1 0.28839252449156105
2 4 2 0.476282073844598
2 4 3 0.023510561727485002
2 4 4 0.12979222304287474
2 4 5 0.4696486258232361
2 4 6 0.2962364055237856
2 4 8 0.09739834474811981
2 4 9 0.21517477907250682
2 4 10 0.3307120987300314
2 5 1 0.30370685696811506
2 5 2 0.3846921675821815
2 5 3 0.3479887737419771
2 5 4 0.030420683079244726
2 5 5 0.18724620130816705
2 5 6 0.16640597892473474
2 5 7 0.3337805145255315
2 5 8 0.06169549585418399
2 5 10 0.22384152482044994
2 6 1 0.18943074144768446
2 6 3 0.039531811700688535
2 6 4 0.38718336626024574
2 6 5 0.29693407351939305
2 6 6 0.01726194567976469
2 6 7 0.4465750207771121
2 6 8 0.19775476568701844
2 6 9 0.1589916018983487
2 6 10 0.19246642317351426
2 7 1 0.41283424097786436
2 7 2 0.39185770654639007
2 7 3 0.02934274334197462
2 7 4 0.001632919670247368
2 7 6 0.18780727115981843
2 7 7 0.03762641766050989
2 7 9 0.13716580179650695
2 7 10 0.3392593374930962
2 8 1 0.39964390046767384
2 8 2 0.15637962501684055
2 8 3 0.4326443824586915
2 8 4 0.06218727710909511
2 8 5 0.1755907307040825
2 8 6 0.058146141876871726
2 8 7 0.07415168377062276
2 8 8 0.42117930700281236
2 8 9 0.29979545821150455
2 8 10 0.047861266629350085
2 9 1 0.17140556434376164
2 9 2 0.004392966988139069
2 9 3 0.0960465898018612
2 9 4 0.24075714206487364
2 9 5 0.3293187095905432
2 9 6 0.051575032981132085
2 9 7 0.4946550881351417
2 9 8 0.3602271957600983
2 9 9 0.4009572904965266
2 9 10 0.3124844489708236
2 10 3 0.005571923219408026
2 10 4 0.11711254679029881
2 10 5 0.4218139175636284
2 10 7 0.28448255658877264
2 10 8 0.0936971618041823
2 10 9 0.39478368865563107
3 1 1 0.02183398587230101
3 1 2 0.004410884162200368
3 1 3 0.36279497163756125
3 1 5 0.08180726026073781
3 1 6 0.03860043039405403
3 1 7 0.24796874642036282
3 1 8 0.3767571953772194
3 1 9 0.4554204577901597
3 1 10 0.4112740702026735
3 2 1 0.47175708278098427
3 2 3 0.48921661047370146
3 2 4 0.11188765113014454
3 2 5 0.17355533327776185
3 2 7 0.0896455321246824
3 2 8 0.37074575347418615
3 2 9 0.47924080753819887
3 2 10 0.3215603222480561
3 3 1 0.1821085262836697
3 3 2 0.4093259891384561
3 3 3 0.06403140834595444
3 3 4 0.04163239991450285
3 3 5 0.2501160451103429
3 3 6 0.3654410575472461
3 3 7 0.28304664141696423
3 3 8 0.0914299998272533
3 3 9 0.45236773416647136
3 3 10 0.3751140012520572
3 4 1 0.2045786158898294
3 4 2 0.33043153940185366
3 4 3 0.07673102799636045
3 4 4 0.1471570562108513
3 4 5 0.42092536140855974
3 4 6 0.050598085073331966
3 4 7 0.056855643341981565
3 4 8 0.14110126029945036
3 4 9 0.24094862400011263
3 4 10 0.07865685833954106
3 5 2 0.016009776956852018
3 5 3 0.22771321168382552
3 5 4 0.0218004294102514
3 5 5 0.3257709849019288
3 5 6 0.47816823850430856
3 5 7 0.47371088649034376
3 5 8 0.45618263659842007
3 5 9 0.10557893952059394
3 5 10 0.48982586540573236
3 6 1 0.237562879393187
3 6 2 0.31320992092159905
3 6 3 0.08847465240969243
3 6 4 0.3123273027291761
3 6 5 0.4590518459096369
3 6 6 0.004186313470352254
3 6 8 0.2735099749507507
3 6 9 0.4618941175762111
3 6 10 0.36470393402714807
3 7 1 0.13137571290201444
3 7 2 0.09542085527271993
3 7 5 0.4422973192542804
3 7 6 0.14824500249858275
3 7 7 0.014198249227064141
3 7 8 0.244346852793897
3 7 9 0.1397526142544252
3 7 10 0.27685600069818217
3 8 1 0.19160797825487796
3 8 2 0.3113273486400212
3 8 3 0.17554231764854134
3 8 4 0.41902404713960706
3 8 5 0.33123257442726706
3 8 6 0.4779202044378852
3 8 7 0.3189300275292325
3 8 8 0.14530990044587733
3 8 9 0.21033593427867547
3 8 10 0.2954449178411448
3 9 1 0.23632055056915902
3 9 2 0.39540603693995346
3 9 3 0.348106288216535
3 9 4 0.32061882288688925
3 9 6 0.1825700128200256
3 9 7 0.3617934089692968
3 9 8 0.1578727190629735
3 9 9 0.050846345542374216
3 9 10 0.12945173975796276
3 10 1 0.24474084925259898
3 10 2 0.4109466291516639
3 10 3 0.2684363975476932
3 10 4 0.36139214045872725
3 10 5 0.3089153725024234
3 10 6 0.305220842197397
3 10 7 0.43572431993673755
3 10 8 0.4124973290664632
3 10 9 0.15505169232448446
3 10 10 0.05538616882415348
4 1 2 0.29802468219920064
4 1 3 0.13045164858440284
4 1 4 0.2555236006038716
4 1 5 0.15726290111190644
4 1 6 0.19879525845094093
4 1 7 0.032321800776505816
4 1 8 0.23543948719636432
4 1 9 0.13921826866463916
4 2 1 0.15902958680665036
4 2 3 0.22957639994244805
4 2 4 0.4860636097924347
4 2 5 0.3666564729517471
4 2 6 0.46756945085613166
4 2 7 0.24227429050954008
4 2 8 0.27425457559465405
4 2 9 0.3566010572948388
4 2 10 0.43600121266492464
4 3 1 0.16797559439694199
4 3 2 0.282322177763756
4 3 3 0.16701642867520738
4 3 4 0.188332145144551
4 3 5 0.011250898886440708
4 3 6 0.048140780174143805
4 3 7 0.41575099462142506
4 3 8 0.4805534952713768
4 3 9 0.20197153734559348
4 3 10 0.3601189897201348
4 4 1 0.2772527864097917
4 4 2 0.35407690009904413
4 4 3 0.36937619519427844
4 4 4 0.38991701016397995
4 4 5 0.3409062865664839
4 4 6 0.3096351034599115
4 4 7 0.0019453394668971224
4 4 8 0.25050017680704506
4 4 9 0.48877574682128555
4 4 10 0.39610861539874587
4 5 1 0.2296621713175837
4 5 2 0.03385386338351848
4 5 3 0.43158474789702883
4 5 4 0.16697590611862123
4 5 6 0.15122110950238987
4 5 7 0.36447717096551724
4 5 8 0.34273815731475166
4 5 9 0.3094442676631445
4 5 10 0.2283852724717017
4 6 1 0.19037084043821761
4 6 3 0.2943625654333114
4 6 4 0.09004393345449091
4 6 5 0.4749999363538202
4 6 6 0.3304823449782682
4 6 7 0.4229687895228812
4 6 8 0.09201999318313292
4 6 9 0.0069714729389229735
4 6 10 0.34854611711522043
4 7 1 0.22355195390491944
4 7 2 0.41708984232109825
4 7 3 0.1355612597098319
4 7 4 0.13225057925745198
4 7 5 0.10355498198941682
4 7 6 0.13818241303611212
4 7 7 0.09196847746657
4 7 8 0.22724825764138212
4 7 9 0.02364262192938915
4 7 10 0.22955625375770872
4 8 1 0.294928382572072
4 8 2 0.27219298555056004
4 8 3 0.4233235525853025
4 8 4 0.3678346955836427
4 8 5 0.02216037441290053
4 8 6 0.22676094228896637
4 8 7 0.2653220136531139
4 8 8 0.06839781639656595
4 8 9 0.1591173852482991
4 8 10 0.22940649188250894
4 9 1 0.1909136062472897
4 9 2 0.13540358421089715
4 9 3 0.04832664285032173
4 9 5 0.18860883975657683
4 9 6 0.32045289987378844
4 9 7 0.1285389215410866
4 9 8 0.3870757469435633
4 9 9 0.10252136880976748
4 9 10 0.09434061167120555
4 10 1 0.15173145852287573
4 10 2 0.0971336409970277
4 10 3 0.19768483590278974
4 10 4 0.03873046206294162
4 10 5 0.28240946328776106
4 10 6 0.08890490588428213
4 10 7 0.06913253416484477
4 10 8 0.2340309870081353
4 10 9 0.14403484153670976
4 10 10 0.2678583233439249
5 1 1 0.35577909845008526
5 1 2 0.2125467036299198
5 1 3 0.28856653480139427
5 1 4 0.12485685230190458
5 1 5 0.28270963802595717
5 1 6 0.29984801472813905
5 1 7 0.4995017615864362
5 1 9 0.33011523984982827
5 1 10 0.036083321620556386
5 2 1 0.053840790562925456
5 2 2 0.33411396766835855
5 2 3 0.45496514750371253
5 2 4 0.18228854870205236
5 2 5 0.21624052497264945
5 2 6 0.3917056093561968
5 2 7 0.20534727738175174
5 2 8 0.31935209259823705
5 2 9 0.10736144047632534
5 2 10 0.12624721452593535
5 3 1 0.18777853996960148
5 3 3 0.4480060479559962
5 3 4 0.060501237772823235
5 3 5 0.3401721194667837
5 3 6 0.47848894446333723
5 3 7 0.2807812162221418
5 3 8 0.3091114895812367
5 3 9 0.4272584929355596
5 3 10 0.26786847679312753
5 4 1 0.06424725018626809
5 4 2 0.38263101603221594
5 4 3 0.4919952356156192
5 4 4 0.06562447380973413
5 4 5 0.411709538822999
5 4 6 0.03377999602985915
5 4 7 0.1664801608127059
5 4 8 0.2433648838776108
5 4 10 0.3383875821215553
5 5 1 0.4162140919385843
5 5 2 0.24183369024280044
5 5 3 0.46449219286764054
5 5 4 0.3541161369137542
5 5 5 0.32367937440366135
5 5 6 0.1317514791549288
5 5 7 0.31096428105405804
5 5 8 0.17982044457300206
5 5 9 0.2553780627378742
5 5 10 0.37888496245789816
5 6 1 0.27220108820750644
5 6 2 0.23466247205269541
5 6 3 0.0020212158916156353
5 6 5 0.0612156642104873
5 6 6 0.04740139406097943
5 6 7 0.3966349369607165
5 6 8 0.32806781708152255
5 6 9 0.2716502499609431
5 6 10 0.24725459677543282
5 7 1 0.3032244797016107
5 7 2 0.1773212026569877
5 7 3 0.32351307680867036
5 7 4 0.35377394668724427
5 7 5 0.42727010189862613
5 7 6 0.018928366925363038
5 7 7 0.03193873462354979
5 7 8 0.2516226383358888
5 7 9 0.39731347616489754
5 7 10 0.02902200148967815
5 8 1 0.025097077216281072
5 8 2 0.1615458394865471
5 8 3 0.3812778887054368
5 8 4 0.24159539442775824
5 8 5 0.2299964491578872
5 8 6 0.2790195351350714
5 8 7 0.2738104164804658
5 8 8 0.2211992532711079
5 8 9 0.14764450149496067
5 8 10 0.22106225160099346
5 9 1 0.0652340982293097
5 9 2 0.12076012860657581
5 9 3 0.03274975838123029
5 9 4 0.023749524921219622
5 9 5 0.3498012064191858
5 9 7 0.17262014180794738
5 9 8 0.08479070568592617
5 9 9 0.029250767122417476
5 9 10 0.19869683306004404
5 10 1 0.20203245847932116
5 10 2 0.137781265633386
5 10 3 0.4536275751194533
5 10 5 0.17589851458136752
5 10 6 0.35308343061602443
5 10 7 0.009865157830669546
5 10 8 0.4964570134501274
5 10 9 0.06567583596996363
5 10 10 0.4625457598350583
6 1 1 0.021725713808776748
6 1 2 0.45392312288241987
6 1 3 0.3492761463901376
6 1 4 0.17142890306740077
6 1 5 0.2547974225498947
6 1 6 0.12627514665266593
6 1 7 0.2295838575006306
6 1 8 0.3812900565077645
6 1 9 0.12366642186896593
6 1 10 0.3327555451233679
6 2 1 0.03581633168550602
6 2 2 0.4619388998221232
6 2 3 0.23770282481892147
6 2 4 0.35024566000537904
6 2 5 0.39732375558261857
6 2 6 0.43760475676703714
6 2 7 0.47321483991012003
6 2 8 0.21977056249839289
6 2 9 0.20766034129960387
6 2 10 0.11258512388396713
6 3 1 0.44075014957025616
6 3 2 0.24577587582100324
6 3 3 0.3501752751585596
6 3 4 0.3614595831546774
6 3 5 0.3887090061942603
6 3 8 0.4048832611295836
6 3 10 0.09120391895743551
6 4 1 0.09394801669843145
6 4 2 0.0848015727936774
6 4 3 0.11575196057668513
6 4 4 0.12063578218748539
6 4 5 0.0907731839880066
6 4 6 0.0905985493872703
6 4 7 0.39164362854871804
6 4 9 0.30750313550664576
6 4 10 0.02712576308954673
6 5 1 0.05746516316559458
6 5 2 0.3261287350142056
6 5 3 0.31145618293557586
6 5 5 0.3546417785979624
6 5 6 0.4388498645068156
6 5 7 0.3358267828565398
6 5 8 0.3930445872710049
6 5 9 0.38327697072279
6 5 10 0.38742264275791005
6 6 1 0.31015493458801857
6 6 2 0.08740123444192971
6 6 3 0.14359953594592922
6 6 4 0.3659540808802283
6 6 5 0.1187514629822729
6 6 6 0.23126575505774916
6 6 7 0.25273091484508947
6 6 8 0.05421456181860196
6 6 9 0.1876023344975739
6 6 10 0.2941451011422985
6 7 1 0.2654190661875435
6 7 2 0.019503919860873853
6 7 4 0.3474475001980907
6 7 5 0.4433546578674805
6 7 6 0.44272369443651005
6 7 8 0.016485835181489272
6 7 9 0.11226243214032194
6 7 10 0.22161297554676962
6 8 1 0.19568843409611358
6 8 2 0.2731691336491666
6 8 3 0.23446526922067135
6 8 5 0.18192780466930292
6 8 6 0.09789126239744295
6 8 10 0.3328281881646301
6 9 1 0.2420698881802834
6 9 2 0.06401285292428893
6 9 3 0.2716676721504512
6 9 4 0.2714691080813907
6 9 5 0.38566106979658266
6 9 6 0.4466724732144923
6 9 7 0.2867574984756066
6 9 8 0.2726011592687597
6 9 9 0.12717797415701138
6 9 10 0.1437678652477674
6 10 1 0.15938171349241614
6 10 2 0.2840575929257031
6 10 3 0.058361296524622075
6 10 4 0.3474649293854537
6 10 5 0.3367526478205751
6 10 6 0.04483116869295811
6 10 7 0.42225675605041246
6 10 8 0.13878094353620274
6 10 9 0.4733072502136535
6 10 10 0.37072797372925304
7 1 2 0.06214376932009835
7 1 3 0.28797297067384353
7 1 4 0.2586893638097868
7 1 5 0.14637545694059895
7 1 6 0.42608038955884286
7 1 7 0.4789004545590775
7 1 8 0.491625959896296
7 1 9 0.2163389099752583
7 1 10 0.004672103992061638
7 2 2 0.08783436730879313
7 2 3 0.05195007597163104
7 2 4 0.4121108631230129
7 2 5 0.04481777336373127
7 2 6 0.12781286917425494
7 2 7 0.2652385945723513
7 2 8 0.08249555791132523
7 2 9 0.35312988575072235
7 2 10 0.33989833042409534
7 3 1 0.13421357067617556
7 3 3 0.1654106228366098
7 3 4 0.30890021114315247
7 3 5 0.3954535101565071
7 3 6 0.4080155678113623
7 3 7 0.4936647150500161
7 3 8 0.129148658496551
7 3 10 0.1333298533171593
7 4 1 0.08320656334974563
7 4 2 0.3108583897115089
7 4 3 0.11118921281857519
7 4 4 0.39119638392609635
7 4 5 0.22064181079670886
7 4 6 0.3189746471725098
7 4 7 0.4126493804900895
7 4 8 0.28239481196308025
7 4 9 0.006328885251497329
7 4 10 0.28925008601221336
7 5 1 0.03683187089015927
7 5 2 0.013337096455691144
7 5 3 0.10303887568250236
7 5 4 0.3197373024714538
7 5 5 0.10437796247495612
7 5 7 0.11460127792715125
7 5 8 0.4472337719456272
7 5 9 0.2353757131237676
7 5 10 0.007673408239183166
7 6 1 0.1955334504426237
7 6 2 0.2677312690043263
7 6 3 0.19670849411134783
7 6 4 0.4929019403407209
7 6 5 0.19824742358496739
7 6 6 0.4523262946219966
7 6 7 0.07668331411769147
7 6 8 0.1106384398225958
7 6 9 0.4596500833011514
7 6 10 0.029654296791220336
7 7 1 0.26779303779188046
7 7 2 0.2213800532006499
7 7 3 0.4106954891537412
7 7 4 0.12593212009631194
7 7 5 0.3497629994506145
7 7 6 0.462354346764438
7 7 7 0.2602184596920917
7 7 8 0.29654897979387207
7 7 9 0.0888737130901428
7 8 1 0.06821956508163218
7 8 2 0.12873212337452722
7 8 3 0.4127410851121853
7 8 4 0.11699787998874922
7 8 5 0.4387035434665403
7 8 6 0.29645112481187585
7 8 7 0.27241742930066115
7 8 8 0.3472492640735101
7 8 9 0.17061581283031735
7 8 10 0.40515765815762894
7 9 1 0.16678143427275105
7 9 2 0.2857997640059108
7 9 3 0.23728798034532061
7 9 4 0.02144630196169095
7 9 5 0.48874345798080665
7 9 6 0.443646550736324
7 9 7 0.395492965366008
7 9 8 0.18857929381398109
7 9 9 0.20762117265171298
7 9 10 0.4966396620565098
7 10 1 0.23439361797654878
7 10 2 0.15541423770638663
7 10 3 0.49497144913236724
7 10 4 0.18382110903819182
7 10 5 0.12700129387725456
7 10 6 0.17151502344710423
7 10 7 0.194689105462457
7 10 8 0.2762361585311204
7 10 9 0.4688936145765318
8 1 2 0.4262470104269144
8 1 3 0.16991351146619083
8 1 4 0.41510020778700907
8 1 5 0.17853653394079272
8 1 6 0.489859345131766
8 1 7 0.3649213829610354
8 1 8 0.26727762837828406
8 1 9 0.367172659161599
8 1 10 0.4747287964153355
8 2 1 0.060188597947131495
8 2 2 0.3755937438328746
8 2 3 0.425564553169163
8 2 4 0.38554485665208016
8 2 6 0.31006680385181784
8 2 7 0.18844904381557026
8 2 8 0.15961732571150655
8 2 9 0.4245207222322167
8 2 10 0.12950231489983588
8 3 1 0.49062425044829694
8 3 2 0.268590723565435
8 3 3 0.3861394894407332
8 3 4 0.19931021091274992
8 3 5 0.32079052655918494
8 3 6 0.4032176332057571
8 3 7 0.2641670838558221
8 3 8 0.33019052569916363
8 3 9 0.3704559701863638
8 3 10 0.47425830353651166
8 4 1 0.031238167286619434
8 4 2 0.3900233375128549
8 4 3 0.34115374881824934
8 4 4 0.3087131890777458
8 4 5 0.43670237452279104
8 4 6 0.3359115606727695
8 4 7 0.17599582439691752
8 4 8 0.44181409476407785
8 4 9 0.1739677652274293
8 4 10 0.022101052480994254
8 5 1 0.3113184894265072
8 5 2 0.15432638862322834
8 5 4 0.14022218494919614
8 5 5 0.15665828507791368
8 5 6 0.30929859434374574
8 5 7 0.12739191618157875
8 5 9 0.4032472556075918
8 5 10 0.3100514262797206
8 6 1 0.1878462911837625
8 6 2 0.11827953992396734
8 6 3 0.497575220907819
8 6 4 0.016028132416729624
8 6 5 0.04408671523147778
8 6 6 0.12478052944393314
8 6 7 0.3564868879938883
8 6 8 0.46846853802137767
8 6 9 0.19818181219779218
8 6 10 0.26510809156825677
8 7 1 0.182371981670578
8 7 2 0.38797220271224564
8 7 3 0.013088481272538699
8 7 4 0.31575440744180416
8 7 5 0.25145760557161934
8 7 6 0.38431618285174807
8 7 7 0.40814286493943086
8 7 8 0.126292700368985
8 7 9 0.20713512667125822
8 7 10 0.19946786531758143
8 8 1 0.30458976064036214
8 8 2 0.21239003011671775
8 8 3 0.4022185777320668
8 8 4 0.03314885472785889
8 8 6 0.005347250798912628
8 8 7 0.4520816320836307
8 8 8 0.373638684971349
8 8 9 0.2815849181369192
8 9 1 0.006583253187678273
8 9 2 0.07168305105227135
8 9 3 0.24341937530713764
8 9 4 0.3362143283667064
8 9 5 0.49642099071983303
8 9 6 0.26509958994747174
8 9 7 0.12797099293360137
8 9 8 0.07430597873181899
8 9 9 0.11558861895641825
8 9 10 0.19742926413906614
8 10 1 0.37009094248118535
8 10 2 0.20775433805824817
8 10 3 0.46646194404197516
8 10 4 0.07056305945857644
8 10 5 0.04110903837508362
8 10 6 0.12465967596269045
8 10 7 0.030128315845338927
8 10 8 0.3630846526067857
8 10 9 0.3407826498194181
8 10 10 0.13561021590862743
9 1 1 0.06149404467440933
9 1 2 0.4809420337820761
9 1 3 0.3209311228568774
9 1 4 0.07037937346155687
9 1 6 0.029198288715301612
9 1 7 0.34320383559353485
9 1 8 0.11010836542268876
9 1 9 0.05275494373459244
9 1 10 0.4134317903382626
9 2 1 0.4966567602537546
9 2 2 0.4202851288089281
9 2 3 0.3072674895098315
9 2 4 0.22234776311059024
9 2 6 0.1617898666788128
9 2 7 0.10959918998370732
9 2 8 0.23095436436538974
9 2 9 0.22878391924355335
9 2 10 0.12511909900065754
9 3 1 0.12891467838535742
9 3 2 0.13475526270284421
9 3 3 0.044814412364818645
9 3 4 0.09794789455024655
9 3 5 0.4073893481335219
9 3 6 0.33240392407227237
9 3 7 0.15200896623497584
9 3 8 0.258421423944053
9 3 9 0.3681397329069791
9 3 10 0.08827414748474138
9 4 1 0.4534969168295402
9 4 2 0.4166913885321042
9 4 3 0.06622663859427302
9 4 4 0.12950156404581115
9 4 6 0.17026640595961196
9 4 7 0.3222785481270767
9 4 8 0.3451438984140669
9 4 9 0.054972540158544914
9 4 10 0.16836187746946385
9 5 1 0.39034966444347274
9 5 2 0.09667910192170226
9 5 3 0.3780881325010865
9 5 5 0.07490303761565675
9 5 6 0.4023042595292492
9 5 7 0.4568368279483267
9 5 8 0.12169505162051364
9 5 9 0.08883710989315219
9 5 10 0.09494388081814797
9 6 1 0.30717228164653
9 6 2 0.3715737754048821
9 6 3 0.1208156432145634
9 6 4 0.3461492791700419
9 6 5 0.1572409705434583
9 6 6 0.4095840019449162
9 6 7 0.07872223266785616
9 6 8 0.4858907564905981
9 6 9 0.47715407420582845
9 6 10 0.07997139081056248
9 7 1 0.08679189423863864
9 7 2 0.23248073959960036
9 7 3 0.342527954174224
9 7 4 0.2693904032144281
9 7 5 0.303179183706175
9 7 7 0.4828880439699065
9 7 8 0.4989868943967901
9 7 9 0.40104344656938584
9 7 10 0.4505264842786372
9 8 1 0.17224067211123972
9 8 2 0.024675116730132896
9 8 3 0.21185847737994212
9 8 4 0.2208646270895236
9 8 5 0.4200206681497277
9 8 6 0.10485973897338141
9 8 7 0.11367322186198148
9 8 8 0.24204986836161968
9 8 9 0.04072054890972021
9 8 10 0.11400548166712576
9 9 1 0.43501709290341617
9 9 2 0.49194038326688705
9 9 3 0.3735443320125662
9 9 4 0.35048746351354265
9 9 5 0.2525576437655135
9 9 6 0.36129825496710055
9 9 7 0.30120203440154114
9 9 8 0.027432293511791883
9 9 9 0.17624392282452228
9 9 10 0.33842752803563914
9 10 1 0.3515270300640301
9 10 2 0.4439556405520253
9 10 3 0.12963631498161432
9 10 4 0.4594734317916431
9 10 5 0.01832011038982362
9 10 6 0.49193030801794524
9 10 7 0.012681598683077167
9 10 9 0.1321577101924879
9 10 10 0.3908690493883489
10 1 1 0.014703702189711176
10 1 2 0.002864483235668902
10 1 3 0.2798959873925645
10 1 4 0.24798061206263644
10 1 5 0.07910912170592255
10 1 6 0.1791520287750913
10 1 7 0.2662461896862386
10 1 8 0.29880114326264684
10 1 9 0.14099813534452033
10 1 10 0.13265699755668137
10 2 1 0.4469442136626035
10 2 2 0.296273101974752
10 2 3 0.20799175513452217
10 2 4 0.42854554580083004
10 2 5 0.26750371179049515
10 2 6 0.02049579195883755
10 2 7 0.4548354077917557
10 2 8 0.27268377585535075
10 2 9 0.13497185508303922
10 2 10 0.048085938338397805
10 3 1 0.121416369704891
10 3 2 0.23680480354811317
10 3 3 0.04574265160074398
10 3 4 0.42384900116625246
10 3 5 0.3686717169951026
10 3 6 0.08923474664999975
10 3 7 0.43783195343836023
10 3 8 0.3172575432113046
10 3 9 0.0017135418132381286
10 3 10 0.21098760590631271
10 4 1 0.05908199784791501
10 4 2 0.3866345363140369
10 4 3 0.4328070960525946
10 4 4 0.44656325592855506
10 4 5 0.268053940594823
10 4 6 0.08626026366941453
10 4 7 0.4619664102608315
10 4 8 0.41530545889020243
10 4 9 0.35913158061258277
10 4 10 0.19645363740692345
10 5 1 0.4587173282138628
10 5 2 0.28766519906934906
10 5 3 0.3803213045858125
10 5 4 0.23942041029305228
10 5 5 0.3490352898080603
10 5 6 0.21541698827409295
10 5 8 0.43538263082313144
10 5 9 0.3095475537246374
10 5 10 0.3945829350836366
10 6 1 0.27696370175613905
10 6 2 0.1390485571632495
10 6 3 0.2616850943945277
10 6 5 0.18761942758953976
10 6 6 0.13054217103496069
10 6 7 0.17894809514887744
10 6 8 0.06089840159856297
10 6 9 0.08723828320515037
10 6 10 0.09567331949224755
10 7 1 0.39424883728253646
10 7 2 0.17722656018987293
10 7 3 0.1979685302702312
10 7 4 0.3225951854521313
10 7 5 0.4348119045224804
10 7 6 0.3031613708731228
10 7 7 0.012464830659955184
10 7 9 0.24816893218437108
10 7 10 0.28432152471622874
10 8 1 0.05900894469179396
10 8 3 0.11140476704349633
10 8 4 0.41821895715839974
10 8 5 0.44049964141426157
10 8 6 0.22735988488880643
10 8 7 0.03134228730708788
10 8 8 0.4516771660258879
10 8 9 0.21098719414467426
10 8 10 0.4233850790480419
10 9 1 0.16039135128739157
10 9 2 0.36362630057467227
10 9 4 0.007946008419607131
10 9 5 0.3837706041142963
10 9 6 0.09695495805740739
10 9 7 0.05416523308303822
10 9 8 0.27506830339882105
10 9 9 0.2865512334977307
10 9 10 0.3093922160093784
10 10 1 0.05292741457945216
10 10 2 0.3051759024018331
10 10 4 0.4005309166269433
10 10 5 0.1749776594601199
10 10 6 0.048555551814613795
10 10 8 0.3221157124737689
10 10 9 0.08440426816502256
10 10 10 0.3971626617394748
11 1 1 0.4745510498230575
11 1 2 0.304189483456055
11 1 3 0.4285172977045586
11 1 4 0.1635195427904942
11 1 5 0.19737261053508848
11 1 6 0.07746684257191228
11 1 7 0.13801466622957315
11 1 8 0.015938170023441556
11 1 9 0.40755686545122516
11 1 10 0.22089799854745207
11 2 1 0.036987154471809336
11 2 2 0.2358937206270787
11 2 3 0.028658207002884573
11 2 4 0.34645500656677963
11 2 5 0.2001406399925959
11 2 6 0.390524034241567
11 2 7 0.10297248460839414
11 2 8 0.1983376988894262
11 2 9 0.30159841491320427
11 2 10 0.4305602404104121
11 3 1 0.056609998757991664
11 3 2 0.3326744023583319
11 3 3 0.4703595856578784
11 3 4 0.185129295362501
11 3 5 0.48064401454567773
11 3 6 0.39543304607753393
11 3 7 0.11412436266028325
11 3 9 0.059004892708311996
11 3 10 0.3158940754244992
11 4 1 0.2741415619650388
11 4 2 0.09175154689228626
11 4 3 0.3596358227620915
11 4 4 0.4612670012174611
11 4 5 0.2783504319986436
11 4 6 0.3897381000659893
11 4 7 0.2980896450410614
11 4 8 0.24925660762297763
11 4 9 0.3545113914733842
11 4 10 0.00843962109177998
11 5 1 0.41169348996682986
11 5 2 0.395138362791576
11 5 3 0.45676635018524536
11 5 4 0.11987167658693132
11 5 5 0.14776046214481753
11 5 6 0.05792685428545408
11 5 7 0.40815218032382505
11 5 8 0.4883278833706878
11 5 9 0.26527423190184274
11 5 10 0.43960205998874535
11 6 1 0.4833518107363354
11 6 2 0.23683832459035525
11 6 3 0.16244952482605846
11 6 6 0.05807335942324032
11 6 7 0.024315581297946087
11 6 8 0.40126197950422093
11 6 9 0.4937052713736636
11 6 10 0.31853013189479495
11 7 3 0.48568474226683456
11 7 4 0.026855644887106123
11 7 5 0.33266696485852354
11 7 6 0.3162717110569919
11 7 7 0.12216677907563678
11 7 8 0.28607622380267184
11 7 9 0.03672157250510388
11 7 10 0.35039573519124034
11 8 1 0.3926972265694272
11 8 2 0.37999328792442444
11 8 3 0.07703536726719096
11 8 4 0.44021551405432535
11 8 6 0.11997112239327634
11 8 7 0.1069219920501222
11 8 8 0.0703472764617793
11 8 10 0.2947897844927726
11 9 2 0.4466796233363566
11 9 3 0.4281837147325239
11 9 4 0.38023436482648665
11 9 5 0.21908248920879958
11 9 6 0.3196010003188634
11 9 7 0.45905185636194556
11 9 8 0.14292897893493262
11 9 9 0.17326233921515355
11 10 1 0.06781116610307847
11 10 2 0.01951083828747313
11 10 3 0.2222751069543325
11 10 4 0.45890243790168883
11 10 7 0.3289767086433666
11 10 8 0.36999446980499084
11 10 9 0.19599721190600572
11 10 10 0.28467157211485383
12 1 1 0.26601762514898
12 1 2 0.020671733421816496
12 1 3 0.10340035012902604
12 1 4 0.4979401859382092
12 1 5 0.08229738563543432
12 1 6 0.4604320492841547
12 1 7 0.06496515649457812
12 1 8 0.3047606553138269
12 1 10 0.2663766429579517
12 2 1 0.42920200177001244
12 2 2 0.24736757144353383
12 2 3 0.3699617724777865
12 2 4 0.21085150395177776
12 2 5 0.18125595401873384
12 2 6 0.3402339961127331
12 2 7 0.08598923641907597
12 2 8 0.4662378545940872
12 2 9 0.47304957817400173
12 2 10 0.08004544894150234
12 3 1 0.38561015042777325
12 3 2 0.35932748620534605
12 3 3 0.3175778113079951
12 3 4 0.13680031138379622
12 3 5 0.13764916141786332
12 3 6 0.06563299079053775
12 3 7 0.18277090701972354
12 3 8 0.433390090572074
12 3 9 0.2409818929511559
12 3 10 0.3975920291638899
12 4 1 0.32340613473409496
12 4 2 0.4164340932153503
12 4 3 0.174541433680659
12 4 4 0.325077680485494
12 4 5 0.007826004543767584
12 4 6 0.16952662289201237
12 4 7 0.323404522155187
12 4 8 0.48427594739425217
12 4 9 0.101522398044404
12 4 10 0.3194779319852631
12 5 1 0.38206388394524204
12 5 2 0.018996261352128174
12 5 3 0.013443816342794679
12 5 4 0.17355811134981847
12 5 5 0.08111424604758821
12 5 6 0.16262574369781446
12 5 8 0.42231210121056995
12 5 9 0.3880905486788496
12 5 10 0.34640405414198194
12 6 1 0.29028654315812374
12 6 2 0.2861806403362205
12 6 3 0.3907506289700279
12 6 4 0.13273889319908094
12 6 5 0.1567966672673925
12 6 6 0.00999441238373322
12 6 7 0.18914247784523364
12 6 8 0.03567835253324836
12 6 9 0.24155230844594833
12 6 10 0.056096671655112895
12 7 1 0.30765460798104904
12 7 2 0.1952516906457631
12 7 3 0.25020008625089796
12 7 4 0.2934986123086841
12 7 5 0.1439140016052315
12 7 6 0.4388822166123708
12 7 7 0.18820108430700877
12 7 8 0.44139623971706343
12 7 9 0.028705195197643363
12 7 10 0.3374268723371774
12 8 1 0.3659474259562675
12 8 2 0.09786014498781015
12 8 3 0.3319805465015411
12 8 4 0.37787166885913115
12 8 5 0.48713096849146953
12 8 6 0.2190330882648306
12 8 8 0.11375618238147145
12 8 9 0.3914173679771509
12 8 10 0.42961050245210697
12 9 1 0.4226372735456875
12 9 2 0.195156111746012
12 9 3 0.1796274367767955
12 9 4 0.23785222403769757
12 9 5 0.4932748118636814
12 9 6 0.2693365320139901
12 9 7 0.11921129833371547
12 9 9 0.48548308088281966
12 9 10 0.04430567946033637
12 10 1 0.3851249705992884
12 10 2 0.390242929775919
12 10 4 0.056499283117462884
12 10 6 0.14766042931435075
12 10 7 0.2894108151888357
12 10 8 0.08105794809607436
12 10 9 0.42379651150919995
12 10 10 0.4222122745970631
13 1 2 0.4666059897411583
13 1 4 0.39336935921633365
13 1 5 0.25555313680039726
13 1 6 0.4558906942565595
13 1 7 0.10378469211326635
13 1 8 0.08192195878909292
13 1 9 0.4106366634077585
13 1 10 0.030585246999499605
13 2 1 0.14496270841729753
13 2 2 0.15158990535573025
13 2 3 0.06425683817208994
13 2 4 0.20375866611296412
13 2 5 0.013136778901442048
13 2 6 0.3043551803035942
13 2 7 0.2957664323523068
13 2 8 0.34764300513766355
13 2 9 0.3679124371962187
13 2 10 0.21268615842327876
13 3 1 0.058992198811036234
13 3 2 0.1556938852167865
13 3 3 0.22248464539703994
13 3 5 0.12722402150679646
13 3 6 0.3690189800245752
13 3 8 0.196026898993238
13 3 9 0.437477780023079
13 3 10 0.32477876368935965
13 4 1 0.39316282918226364
13 4 4 0.26486728841609763
13 4 6 0.3331984392834194
13 4 7 0.3669095514992189
13 4 8 0.14841737374493735
13 4 9 0.18887929609998522
13 5 1 0.2554308107506773
13 5 2 0.08438541311675718
13 5 3 0.4025198210295913
13 5 4 0.14565090477909415
13 5 6 0.440875511349074
13 5 7 0.32274723030482766
13 5 8 0.10405215462842832
13 5 9 0.12294531223104588
13 5 10 0.15534547223161588
13 6 1 0.29098714876996623
13 6 2 0.30141518816409585
13 6 3 0.0245112780313107
13 6 4 0.1267246583215087
13 6 5 0.09770033214488139
13 6 6 0.37575251432658796
13 6 7 0.3181872182895056
13 6 8 0.3911920301973948
13 6 9 0.37503572442488287
13 7 1 0.4172206982299279
13 7 2 0.16145166002015154
13 7 3 0.11669862086547034
13 7 4 0.022711491281233065
13 7 5 0.4441063405567437
13 7 6 0.3735463260308777
13 7 7 0.22187268763356272
13 7 8 0.2307860896655547
13 7 9 0.020739618609424304
13 7 10 0.13986841558600427
13 8 1 0.19839924048006297
13 8 2 0.45510362403641735
13 8 3 0.46438479803641186
13 8 4 0.15180631190141347
13 8 5 0.18359248420087426
13 8 6 0.20972095581623373
13 8 7 0.24676651470030353
13 8 8 0.2358232748719975
13 8 9 0.4459974687590005
13 8 10 0.14779231827175687
13 9 1 0.3827541574203679
13 9 2 0.4715200297473615
13 9 3 0.36221646499637716
13 9 4 0.37501671257346714
13 9 5 0.3283427663783667
13 9 6 0.02903932244752183
13 9 7 0.21829532661213702
13 9 9 0.22340810107616615
13 9 10 0.485660772591331
13 10 2 0.23087680753140183
13 10 3 0.11293152427994346
13 10 4 0.47570130732774385
13 10 5 0.053734464486123845
13 10 6 0.30191373448126946
13 10 7 0.3342180759691764
13 10 8 0.41753358274091856
13 10 9 0.09857195976190958
13 10 10 0.2560245712896614
14 1 1 0.11748244447446676
14 1 2 0.49779139923686666
14 1 3 0.18213423275612295
14 1 4 0.481912878700578
14 1 5 0.44700453768125836
14 1 6 0.075713119340024
14 1 7 0.3270162772624171
14 1 8 0.22967749675308102
14 1 9 0.25314384258008926
14 1 10 0.04002079740593689
14 2 2 0.09942468771988833
14 2 3 0.36465027540395023
14 2 4 0.1937450556057223
14 2 5 0.08344567276341541
14 2 6 0.21476304764844467
14 2 7 0.11117218422206021
14 2 8 0.21168356014412992
14 2 9 0.02200845122712536
14 2 10 0.14777550195117228
14 3 1 0.20283359152604763
14 3 2 0.35716765106641635
14 3 5 0.35871396148908674
14 3 6 0.07709042070559224
14 3 8 0.4121089840515053
14 3 9 0.13097245879646668
14 3 10 0.23518112414299464
14 4 1 0.1729084203864596
14 4 2 0.18010766505011155
14 4 3 0.2018123839190935
14 4 4 0.3344858290278081
14 4 5 0.4699855043507227
14 4 6 0.2296327583215052
14 4 7 0.4508273411769922
14 4 8 0.29877534834447383
14 4 10 0.4682808375177898
14 5 1 0.4944197149971117
14 5 2 0.39157150913911976
14 5 3 0.21834400262332665
14 5 4 0.24443654435558682
14 5 5 0.1089690174656992
14 5 6 0.0828179851058014
14 5 7 0.036092571056895895
14 5 8 0.2938009689092802
14 5 9 0.20986854848634728
14 6 1 0.4227054098483133
14 6 2 0.0881671662134631
14 6 3 0.10100139171357414
14 6 4 0.22367579625820666
14 6 5 0.10676128554776965
14 6 6 0.3259805440338601
14 6 7 0.2909634318510961
14 6 8 0.003935650109301636
14 6 9 0.11434145793677863
14 6 10 0.3576892519172915
14 7 1 0.38847731121833273
14 7 2 0.1112426212200287
14 7 3 0.17274305163459203
14 7 4 0.3179151157474952
14 7 5 0.16468206233691096
14 7 6 0.2052191365426006
14 7 7 0.13792133960680897
14 7 9 0.37656933330259523
14 7 10 0.3078211200125943
14 8 1 0.005815261542394312
14 8 2 0.45117915759470906
14 8 3 0.49128861178387084
14 8 4 0.43845697280538076
14 8 5 0.051315361483611266
14 8 6 0.010510161347759506
14 8 7 0.4367952507647992
14 8 9 0.46141742310894274
14 8 10 0.13065932237925104
14 9 1 0.3921810472877739
14 9 2 0.4338183816057898
14 9 3 0.1881139526651624
14 9 4 0.35525094518069367
14 9 5 0.40927209848719137
14 9 6 0.3656077733787171
14 9 7 0.43520392609845193
14 9 8 0.1702673859596251
14 9 9 0.44935911267659345
14 9 10 0.18179746412389564
14 10 1 0.4136203535876859
14 10 2 0.38572378709868105
14 10 3 0.3012207685001731
14 10 4 0.09018390459778591
14 10 5 0.34280725655840305
14 10 6 0.1395059685924962
14 10 7 0.39463934810428747
14 10 8 0.3162493457527845
14 10 9 0.0033618174883445207
14 10 10 0.43443791065691106
15 1 1 0.4790081883968359
15 1 2 0.337080144719475
15 1 3 0.4526695707489736
15 1 4 0.3707818523004165
15 1 5 0.02037418577966299
15 1 6 0.35316969163519074
15 1 7 0.36376538029473426
15 1 8 0.2494950838553669
15 1 9 0.11354068755932067
15 1 10 0.2512422140814873
15 2 1 0.15435423078026111
15 2 2 0.3510684538459363
15 2 3 0.16939482860052568
15 2 4 0.46049354981808155
15 2 6 0.3581814786373111
15 2 7 0.23818029958945197
15 2 8 0.47828121036983673
15 2 9 0.26841127270614284
15 2 10 0.017124184006415577
15 3 1 0.15736192010368943
15 3 2 0.042699090542892226
15 3 3 0.2980160884289057
15 3 4 0.26121403685963296
15 3 5 0.20988601632404513
15 3 6 0.13884111162101587
15 3 7 0.2087086634376244
15 3 8 0.015738125492204436
15 3 9 0.4461174136074688
15 3 10 0.44129016114810504
15 4 1 0.046921314420126814
15 4 2 0.10471170121724427
15 4 3 0.07186363992928368
15 4 4 0.24066155873353845
15 4 5 0.3976179695627652
15 4 6 0.2397381378146709
15 4 7 0.37897724145457534
15 4 8 0.38975519727907926
15 4 9 0.38628753981455266
15 4 10 0.13893682220817727
15 5 1 0.17149117661034263
15 5 2 0.4762133956213007
15 5 3 0.05463705986230183
15 5 4 0.08316926413655668
15 5 5 0.02786758545849022
15 5 6 0.11347647358602797
15 5 7 0.35602376688865134
15 5 8 0.23123771068925858
15 5 10 0.14620947512212112
15 6 1 0.3622830794305659
15 6 2 0.35436444211717033
15 6 3 0.03340187919569226
15 6 4 0.28134320744492447
15 6 5 0.40610679204312383
15 6 6 0.3067108808779426
15 6 7 0.12983036943887594
15 6 8 0.18592882384349163
15 6 9 0.3178017875282708
15 6 10 0.060735214507855795
15 7 1 0.34953174913232554
15 7 2 0.417857341339417
15 7 3 0.37942435988827516
15 7 4 0.27384051012929644
15 7 5 0.4301401212649084
15 7 6 0.2556954228118272
15 7 7 0.21985450641001636
15 7 8 0.2912013405373457
15 7 9 0.15824467965967504
15 7 10 0.13183354985846807
15 8 1 0.3898250519632296
15 8 2 0.02972588897608519
15 8 3 0.3205888545387344
15 8 4 0.022177210637664868
15 8 5 0.10950361254537844
15 8 6 0.46656586530783906
15 8 7 0.3132195473355115
15 8 8 0.22293043294505244
15 8 9 0.283950981597332
15 8 10 0.49228886968820873
15 9 1 0.057782267145278454
15 9 2 0.09447567617421604
15 9 3 0.4356719984013592
15 9 4 0.450135957083841
15 9 5 0.4215452552097334
15 9 6 0.4125885204227152
15 9 7 0.44581109922489015
15 9 8 0.3999621280627438
15 9 9 0.22651187108223914
15 9 10 0.16805173150511132
15 10 1 0.237799117684806
15 10 3 0.31430816793882643
15 10 4 0.09121613832792341
15 10 5 0.3079365920708611
15 10 6 0.3628311559749122
15 10 7 0.0760313681202216
15 10 8 0.015189112676397554
15 10 9 0.2613030193488277
15 10 10 0.2069544362218635
16 1 1 0.463926039527471
16 1 2 0.49161595842037253
16 1 3 0.34638665258611845
16 1 5 0.43215233019719024
16 1 6 0.09198379747977037
16 1 7 0.2847496185067989
16 1 8 0.2831704982569435
16 1 9 0.4286748089871879
16 1 10 0.1415632791097926
16 2 1 0.4319143881848745
16 2 3 0.4648420870291816
16 2 4 0.027562029766727947
16 2 5 0.14171571743384348
16 2 6 0.028444124167273266
16 2 7 0.2698897768258999
16 2 8 0.4248759487692143
16 2 9 0.0005927901318962814
16 2 10 0.015011046951694196
16 3 1 0.3742573444035595
16 3 3 0.4908637801512642
16 3 4 0.4437553603305183
16 3 5 0.1905601515822224
16 3 6 0.06967076743836598
16 3 7 0.23769476948888446
16 3 8 0.08919523134275176
16 3 9 0.0021596296393439074
16 3 10 0.3290040170724613
16 4 1 0.04169098703205065
16 4 3 0.49589353156991756
16 4 4 0.20033019198380186
16 4 5 0.42398020710095474
16 4 7 0.031998467904084116
16 4 8 0.30593592897187927
16 4 9 0.48891947128271285
16 4 10 0.3024226930469367
16 5 2 0.04853517089650505
16 5 3 0.22425133499618144
16 5 4 0.4632129027869424
16 5 5 0.4355042615968837
16 5 6 0.48632654386352125
16 5 7 0.19011442162050862
16 5 8 0.25166198991868394
16 5 9 0.0011794071762123437
16 5 10 0.09343745760409661
16 6 1 0.09354542465651716
16 6 2 0.13646012314437828
16 6 3 0.11047149346510676
16 6 4 0.41113804954343025
16 6 6 0.3274631928966736
16 6 7 0.2585930526483614
16 6 8 0.12301401795529587
16 6 9 0.2811886225957785
16 7 1 0.44805402526587745
16 7 2 0.0561650301013491
16 7 3 0.471969635003195
16 7 4 0.02921362677796424
16 7 5 0.2415757955279536
16 7 6 0.1968565182195895
16 7 7 0.2381882439696944
16 7 8 0.0440953486499186
16 7 9 0.289142581441987
16 7 10 0.10980496849543486
16 8 1 0.42169509422355034
16 8 2 0.2642454207833055
16 8 3 0.20491721630044546
16 8 4 0.25001406277938876
16 8 5 0.32896829083227674
16 8 6 0.4694331881386531
16 8 8 0.3710932214119531
16 8 9 0.4360600370544322
16 8 10 0.24130379827992277
16 9 1 0.13893522308044437
16 9 2 0.4333556503617839
16 9 3 0.23778838248838763
16 9 4 0.1180350315469918
16 9 5 0.08576144699879606
16 9 6 0.21956573041449745
16 9 9 0.09990329003821874
16 9 10 0.3598394576854653
16 10 1 0.40450019292616624
16 10 2 0.26664553296392235
16 10 3 0.18034670203856606
16 10 4 0.2986216396179393
16 10 5 0.08889154826639722
16 10 6 0.17180493122717078
16 10 7 0.42398252934181113
16 10 8 0.01570705984505305
16 10 9 0.4471099114047097
16 10 10 0.15920513731883124
17 1 1 0.1373268819771547
17 1 2 0.1636241406658241
17 1 3 0.41654982153614084
17 1 4 0.3660979695816453
17 1 5 0.29678669625146514
17 1 6 0.14929244303339906
17 1 8 0.21824835464618808
17 1 9 0.37782476814739663
17 1 10 0.11513712109104612
17 2 1 0.28870060332491443
17 2 2 0.07764917756214273
17 2 3 0.45754900365295437
17 2 4 0.2049274570954963
17 2 5 0.19460309167192713
17 2 6 0.08767818055895338
17 2 7 0.280466022932224
17 2 8 0.3240424969187917
17 2 9 0.06663999774270801
17 3 1 0.20493184935600162
17 3 2 0.3642636111670945
17 3 3 0.4744492346032487
17 3 4 0.46315287904422064
17 3 5 0.2019822354664128
17 3 6 0.3516164784462581
17 3 7 0.21264694552601504
17 3 8 0.47637365189795833
17 3 9 0.17042399602495162
17 3 10 0.2325748135323472
17 4 2 0.08256333533027538
17 4 4 0.23594147439900726
17 4 5 0.3884201368813288
17 4 6 0.3089136135236442
17 4 7 0.009860509575274734
17 4 9 0.28514780721909905
17 4 10 0.02858284813314349
17 5 1 0.2990309300201104
17 5 2 0.24859507417770976
17 5 3 0.14145079621700496
17 5 4 0.31504140933647085
17 5 5 0.4178622741630458
17 5 6 0.2732081213008207
17 5 7 0.1772459582485778
17 5 8 0.2763083730281567
17 5 9 0.18317261732957524
17 5 10 0.04555745983922288
17 6 1 0.02693040415985337
17 6 2 0.21561440327172532
17 6 3 0.14341139843586537
17 6 4 0.48687745899366397
17 6 5 0.15251791691894034
17 6 6 0.05404639122177313
17 6 7 0.4694484578662258
17 6 8 0.045173338240708016
17 6 9 0.30973706304558757
17 6 10 0.35247381977246317
17 7 1 0.3297592197358532
17 7 2 0.21348563740150872
17 7 3 0.4005301150170708
17 7 5 0.26626595506900963
17 7 6 0.021571462969082633
17 7 7 0.2776115114397122
17 7 8 0.4903430129757871
17 7 9 0.4871687686365561
17 7 10 0.09334526126871023
17 8 1 0.23205674887660832
17 8 2 0.3383369513542418
17 8 3 0.36073023906609825
17 8 4 0.37896367590572766
17 8 5 0.032511757941275365
17 8 6 0.05005614323764085
17 8 7 0.3514779654841659
17 8 8 0.4086128022204346
17 8 9 0.08866445311226201
17 9 3 0.12287339795448904
17 9 4 0.30426429832501123
17 9 5 0.29003511176932717
17 9 6 0.14050390921332434
17 9 7 0.42156603282482763
17 9 8 0.08677019246053908
17 9 9 0.48960670911768145
17 9 10 0.22442299139985067
17 10 1 0.48007682442256605
17 10 2 0.3266060469856351
17 10 3 0.16435092240627058
17 10 4 0.09189239466541477
17 10 5 0.26573253812173925
17 10 6 0.10701854006350331
17 10 7 0.2671901548140243
17 10 8 0.2166646527290924
17 10 9 0.3131925751630581
17 10 10 0.4729420595964211
18 1 1 0.2543273223472887
18 1 2 0.38586203078869885
18 1 3 0.2763908932181317
18 1 4 0.09664378432796183
18 1 5 0.4316118319042058
18 1 6 0.1472801285842501
18 1 7 0.4101453062795708
18 1 8 0.015411125894106759
18 1 9 0.30920568603951104
18 1 10 0.4854999422403363
18 2 1 0.15928330780272038
18 2 2 0.12075622202811698
18 2 3 0.26747894727442
18 2 4 0.11451045965269246
18 2 5 0.03435427580134587
18 2 6 0.008337111125025776
18 2 8 0.3473732582451141
18 2 9 0.4882905460768774
18 2 10 0.3456213890217944
18 3 1 0.2713477724517591
18 3 2 0.34968051964661895
18 3 3 0.14524120160992804
18 3 4 0.45321684341852686
18 3 5 0.3278148939066189
18 3 7 0.36186886041333566
18 3 8 0.10744726674674043
18 3 9 0.4951266535922727
18 3 10 0.3268582009934137
18 4 1 0.05754542913989236
18 4 2 0.030201941980242286
18 4 3 0.04386017208196191
18 4 4 0.22731080445685325
18 4 5 0.3640482070371128
18 4 6 0.45412959471506054
18 4 7 0.43835091846313834
18 4 8 0.47368907105208136
18 4 9 0.1405622041882083
18 4 10 0.08545422291129678
18 5 1 0.1906329742479338
18 5 3 0.09286250011338637
18 5 4 0.44932716788795624
18 5 5 0.18900362762215883
18 5 6 0.39968092460157856
18 5 7 0.4645774300635519
18 5 8 0.2824620396875408
18 5 9 0.270165900604991
18 5 10 0.39523472330591314
18 6 1 0.23447037996871867
18 6 2 0.0821101447938728
18 6 3 0.3700067062449456
18 6 4 0.4611358863225571
18 6 5 0.24070235705619392
18 6 7 0.26841071301270714
18 6 8 0.2872862478733976
18 6 9 0.44815435718770325
18 6 10 0.4239828194755375
18 7 1 0.2839870959908365
18 7 2 0.41982914360649504
18 7 3 0.4518005116179983
18 7 4 0.12905627250164253
18 7 5 0.48853118825384123
18 7 7 0.05008614978544379
18 7 8 0.45086506441089846
18 7 10 0.04405087323970658
18 8 1 0.25747612111743123
18 8 2 0.1714804733120937
18 8 3 0.0259353132491843
18 8 4 0.1000609366317946
18 8 5 0.10572366778282005
18 8 6 0.16761914810186684
18 8 7 0.11242552533516181
18 8 8 0.3987560862880286
18 8 9 0.15447116543401485
18 8 10 0.30953270656531995
18 9 1 0.3757230967010172
18 9 2 0.1599321165137767
18 9 3 0.4810234120732203
18 9 4 0.11224872252839235
18 9 5 0.15644571761166137
18 9 6 0.16888652089619394
18 9 7 0.07536688954879978
18 9 8 0.08236654494397
18 9 9 0.4735973598350218
18 9 10 0.3480807423537534
18 10 1 0.0053230864996723914
18 10 2 0.4329398512153535
18 10 4 0.011457752124590548
18 10 5 0.36222263387531883
18 10 6 0.467680315067054
18 10 7 0.16500512245462395
18 10 8 0.3029323189155908
18 10 9 0.1863036491624115
18 10 10 0.023446294610356855
19 1 1 0.21486337673529354
19 1 2 0.14972656908385118
19 1 3 0.19839219452695178
19 1 4 0.13551841537217768
19 1 5 0.06470592943776143
19 1 6 0.2465748272659657
19 1 7 0.20006956149667587
19 1 8 0.17836259224667395
19 1 9 0.11807598840402778
19 1 10 0.2753344226431177
19 2 1 0.4899695554576542
19 2 2 0.16261921050107464
19 2 4 0.14015681148501868
19 2 5 0.11356894079598878
19 2 6 0.05413600372358329
19 2 7 0.3776157751943643
19 2 8 0.2735323350882861
19 2 9 0.2758604428396938
19 2 10 0.22078574245398486
19 3 1 0.3727197775037404
19 3 2 0.47873854311752206
19 3 4 0.2414973646690345
19 3 5 0.4653864070888136
19 3 6 0.27344032876040936
19 3 7 0.46918870284697856
19 3 8 0.19825075709528106
19 3 9 0.13393415052579472
19 3 10 0.30491626638865243
19 4 1 0.1357083527191153
19 4 2 0.20738450586240154
19 4 3 0.08763573626960874
19 4 4 0.06112891852545632
19 4 5 0.19634109898378305
19 4 6 0.2413287358213151
19 4 7 0.10183454437840311
19 4 8 0.3877229794963286
19 4 9 0.3680239259985766
19 4 10 0.08636162327968733
19 5 1 0.23875329273678703
19 5 2 0.4841157906077308
19 5 3 0.33120754855071766
19 5 4 0.13445403494196584
19 5 6 0.3729954741461282
19 5 7 0.483061070741334
19 5 8 0.1803368894909606
19 5 9 0.3587457512681693
19 5 10 0.000743886012736672
19 6 1 0.19858311000707096
19 6 2 0.14662453186489466
19 6 3 0.1247481069038634
19 6 4 0.477715002514417
19 6 5 0.20531170648261876
19 6 6 0.3950031656715033
19 6 7 0.3361199387087097
19 6 8 0.247390820525608
19 6 9 0.2799527657077141
19 7 1 0.21702373358788896
19 7 2 0.19106058666904147
19 7 3 0.02866376046506014
19 7 4 0.475009597094906
19 7 5 0.23687175999196175
19 7 6 0.11930480242142583
19 7 7 0.16685715714728955
19 7 8 0.0538992121859283
19 7 9 0.43782410055188403
19 8 1 0.004591555587708962
19 8 2 0.298723733339615
19 8 3 0.21511414027032116
19 8 4 0.45106960864340984
19 8 5 0.17437776680503225
19 8 6 0.12564152832727993
19 8 7 0.0933656538869394
19 8 8 0.14815434603001376
19 8 9 0.2993189249791579
19 8 10 0.024664418243672603
19 9 1 0.0764164460590826
19 9 2 0.22830587429964821
19 9 4 0.3279204692197849
19 9 5 0.41172098948454006
19 9 6 0.23722336404548627
19 9 7 0.3071267827512081
19 9 8 0.24397386288035783
19 9 9 0.19039284602028939
19 9 10 0.39294845001520207
19 10 1 0.21536906879902795
19 10 2 0.3255351489394994
19 10 3 0.06983757007732394
19 10 4 0.3076018327914829
19 10 5 0.3970558135955998
19 10 6 0.32774581279422244
19 10 7 0.30825151182584276
19 10 8 0.07873379037876105
19 10 9 0.11197704580668677
19 10 10 0.11599138419226662
20 1 2 0.1385793617009614
20 1 3 0.3757272014206494
20 1 4 0.4452095590693106
20 1 5 0.16751694778848458
20 1 6 0.3759335992026084
20 1 7 0.25530096733823193
20 1 8 0.26008796966210523
20 1 10 0.09588932245828508
20 2 1 0.11574667219053358
20 2 2 0.10157649102659516
20 2 3 0.24399889766383975
20 2 4 0.04889638974749644
20 2 5 0.030508174334864857
20 2 7 0.27476782333499605
20 2 8 0.45944207772293433
20 2 9 0.362221221674481
20 2 10 0.4988097354767922
20 3 1 0.2338913690186979
20 3 2 0.030887383359951448
20 3 3 0.00023495662223760316
20 3 4 0.1645892368044949
20 3 5 0.1281301701559867
20 3 6 0.36142705991616086
20 3 7 0.2852810558496014
20 3 8 0.4485236108688273
20 3 9 0.002083437734661908
20 3 10 0.3461227254962609
20 4 1 0.1962342568229437
20 4 2 0.23323470418058512
20 4 3 0.13437937933370048
20 4 4 0.22997609749273773
20 4 5 0.18490727344192925
20 4 6 0.05534340177250141
20 4 7 0.28017426418327507
20 4 8 0.030241233736381212
20 4 9 0.18661286217488715
20 4 10 0.36102214765628116
20 5 1 0.2659339624568078
20 5 2 0.33599006111336704
20 5 3 0.2152101671658565
20 5 4 0.19311286571877573
20 5 5 0.22313061590397254
20 5 6 0.4305182491762307
20 5 7 0.3533748574908421
20 5 8 0.47562313990343885
20 5 9 0.3477126292090631
20 5 10 0.2922162646471512
20 6 2 0.3652705499318999
20 6 3 0.29527845942656794
20 6 4 0.42202027719980784
20 6 5 0.35540963736069775
20 6 6 0.33843072476351166
20 6 8 0.11382473629750078
20 6 9 0.2540236025123145
20 6 10 0.4613591584438297
20 7 1 0.47965163496413277
20 7 2 0.4052120717321289
20 7 3 0.291670823509261
20 7 4 0.19255045674865856
20 7 5 0.1293250626392486
20 7 6 0.4587209773444494
20 7 7 0.46505464116910866
20 7 8 0.46792861110290984
20 7 9 0.27858575255626117
20 7 10 0.2313899889632539
20 8 1 0.41044435396322054
20 8 2 0.16781170531671796
20 8 3 0.39858092286685887
20 8 5 0.00901696601831603
20 8 6 0.017740882964728755
20 8 7 0.402584532374606
20 8 8 0.040257836068397834
20 8 9 0.04967242484448098
20 8 10 0.08590282039048214
20 9 1 0.48913408416021353
20 9 2 0.43003415212844964
20 9 3 0.021613580547075628
20 9 5 0.3605178953468997
20 9 6 0.37586666423955184
20 9 7 0.38236051616113964
20 9 8 0.07554974265178238
20 9 9 0.2606426790644111
20 9 10 0.15830993881042765
20 10 2 0.4300409310417963
20 10 3 0.18813523292247925
20 10 4 0.32993423263620847
20 10 5 0.1564418771869005
20 10 6 0.04925251873167091
20 10 7 0.30093283184136466
20 10 8 0.4904076805145562
20 10 9 0.4730674880885477
20 10 10 0.422002717638186
