title
n = 10
P = 6
1 1 5
1 2 2
1 3 3
1 4 1
1 5 5
1 6 9
1 7 5
1 8 3
1 9 8
1 10 4
2 1 2
2 2 2
2 3 5
2 4 3
2 5 3
2 6 9
2 7 7
2 8 5
2 9 10
2 10 10
3 1 4
3 2 6
3 3 8
3 4 3
3 5 7
3 6 8
3 7 4
3 8 9
3 9 10
3 10 7
4 1 9
4 2 9
4 3 6
4 4 4
4 5 2
4 6 10
4 7 7
4 8 4
4 9 9
4 10 6
5 1 8
5 2 6
5 3 9
5 4 5
5 5 1
5 6 1
5 7 1
5 8 6
5 9 6
5 10 4
6 1 8
6 2 2
6 3 6
6 4 5
6 5 1
6 6 4
6 7 6
6 8 7
6 9 1
6 10 2
7 1 6
7 2 7
7 3 8
7 4 9
7 5 4
7 6 10
7 7 9
7 8 5
7 9 9
7 10 9
8 1 7
8 2 7
8 3 9
8 4 8
8 5 8
8 6 5
8 7 6
8 8 9
8 9 4
8 10 3
9 1 7
9 2 1
9 3 10
9 4 4
9 5 4
9 6 4
9 7 6
9 8 2
9 9 5
9 10 6
10 1 4
10 2 1
10 3 6
10 4 4
10 5 6
10 6 10
10 7 4
10 8 10
10 9 3
10 10 1
1 1 2 0.15998428341995563
1 1 4 0.49592586160277596
1 1 5 0.08309972644042485
1 1 6 0.018109677544060787
1 1 7 0.14593777335844793
1 1 8 0.18055280339512714
1 1 9 0.487711334975203
1 2 1 0.16902329764863677
1 2 2 0.018056651991196326
1 2 3 0.28246634422369177
1 2 4 0.4321814444214104
1 2 5 0.49519765245988334
1 2 6 0.45272451633552657
1 2 7 0.47432889693416236
1 2 8 0.18738251308193565
1 2 9 0.17936086576804988
1 2 10 0.24131348202052705
1 3 1 0.23421011188193153
1 3 2 0.33489021848139455
1 3 3 0.1956975449002032
1 3 4 0.03665910782554871
1 3 5 0.26163983326772666
1 3 7 0.28072389451941204
1 3 8 0.39618627506822557
1 3 9 0.0667175035563653
1 3 10 0.48655166914102954
1 4 1 0.3356657076436159
1 4 2 0.3837627022062593
1 4 3 0.26876236783871643
1 4 4 0.4369317327931894
1 4 5 0.4079984322185589
1 4 6 0.47829448687798515
1 4 9 0.4433219048186786
1 4 10 0.4428412699469818
1 5 1 0.3974771355416241
1 5 3 0.0031858855286154286
1 5 4 0.11296972200574407
1 5 5 0.47800974822572406
1 5 6 0.07007830728321696
1 5 7 0.4221983456845253
1 5 8 0.35239862972914315
1 5 9 0.2374146608958796
1 5 10 0.3625063003597394
1 6 1 0.0599629432866956
1 6 2 0.13296657857466188
1 6 3 0.16987951727229422
1 6 4 0.12183563136998787
1 6 5 0.403560112970233
1 6 6 0.45142848041052475
1 6 7 0.34636492542759956
1 6 8 0.34043590664096546
1 6 9 0.2932188113651727
1 6 10 0.3686406790565384
1 7 1 0.2988078924933242
1 7 2 0.06412921005668326
1 7 3 0.46500900657698596
1 7 4 0.3282151064459007
1 7 5 0.43274406793479625
1 7 6 0.15934509616017667
1 7 7 0.4486904274257456
1 7 8 0.12590551608457068
1 7 9 0.460807938841003
1 7 10 0.06312268995743153
1 8 1 0.32787285933737553
1 8 2 0.12775108943821212
1 8 3 0.05658390565471161
1 8 4 0.48312596604388136
1 8 5 0.19957664367869243
1 8 6 0.39213034696703886
1 8 7 0.40833444082073445
1 8 8 0.4589920667029469
1 8 9 0.1856846328344537
1 8 10 0.004927779255437192
1 9 1 0.4338422441705587
1 9 2 0.10333753277600921
1 9 3 0.3992808966145378
1 9 4 0.15941799580894445
1 9 5 0.3632652313580528
1 9 6 0.46352360824477323
1 9 7 0.4863388985474534
1 9 8 0.33617063837993044
1 9 9 0.3802792661755867
1 9 10 0.4649373529055245
1 10 1 0.23905060628309382
1 10 2 0.21263557305276604
1 10 3 0.06611100866942154
1 10 4 0.3572382293620203
1 10 5 0.1116652361041095
1 10 6 0.04220826706181058
1 10 7 0.3922543031067831
1 10 9 0.12209711094421127
1 10 10 0.3241565249400076
2 1 1 0.11063349601036798
2 1 2 0.3375211899077222
2 1 3 0.3210200649691948
2 1 4 0.20477772565974872
2 1 5 0.1381163797858398
2 1 6 0.07590693274729265
2 1 7 0.10356356514534248
2 1 8 0.2841673540882259
2 1 9 0.35504653871917957
2 1 10 0.15259103109958172
2 2 1 0.18713083780332385
2 2 2 0.4024612779341187
2 2 3 0.27897471541080754
2 2 5 0.32338295217934554
2 2 6 0.29628478813934145
2 2 7 0.015243876965503445
2 2 9 0.26555412007518575
2 2 10 0.38667344353878375
2 3 1 0.16460927591153685
2 3 4 0.16346358224361746
2 3 5 0.28237088379482145
2 3 6 0.04702075713308451
2 3 7 0.38798120004482206
2 3 9 0.0909084436013542
2 3 10 0.27930725679308466
2 4 1 0.15271400576102656
2 4 2 0.3949546406515331
2 4 3 0.38998373456532787
2 4 4 0.4965243131555652
2 4 6 0.1306702828323082
2 4 7 0.034049774535906074
2 4 8 0.014946787483086754
2 4 9 0.39973458511860316
2 4 10 0.20972678275334333
2 5 2 0.4079299040596608
2 5 3 0.13839356222193366
2 5 4 0.20515336894319536
2 5 5 0.43974845923501804
2 5 6 0.4058791954240044
2 5 7 0.25379490126768944
2 5 8 0.09365118697008334
2 5 9 0.37414349101072597
2 5 10 0.38469741276890435
2 6 1 0.02326772294793622
2 6 2 0.14150748918414047
2 6 3 0.4224537313773743
2 6 4 0.13982910455047892
2 6 5 0.48434974096936934
2 6 6 0.1477453448456597
2 6 7 0.19819771661559793
2 6 8 0.1417025374442843
2 6 9 0.25600416237418777
2 6 10 0.3738806925041779
2 7 1 0.3659346832163537
2 7 2 0.3949905989289264
2 7 3 0.34401054059552616
2 7 4 0.16596751533237364
2 7 6 0.3975046855144262
2 7 9 0.0719966277363232
2 7 10 0.005766993789247499
2 8 1 0.44202480755731477
2 8 2 0.4278207072972028
2 8 3 0.3062657221028541
2 8 4 0.27448256439077656
2 8 5 0.23380543421643296
2 8 6 0.42382199879556104
2 8 7 0.26658745418364593
2 8 9 0.20221601548724488
2 8 10 0.2731546837668801
2 9 1 0.4246638105475242
2 9 2 0.4530289324095066
2 9 3 0.4061658006704475
2 9 4 0.025822909271682515
2 9 5 0.4800383401215449
2 9 6 0.004317973573910616
2 9 7 0.024198469494065122
2 9 8 0.2671911311628733
2 9 9 0.4596141095435117
2 9 10 0.03194474405548975
2 10 1 0.03061999030872109
2 10 2 0.4359029015526895
2 10 3 0.286191653188576
2 10 4 0.40049125802567265
2 10 5 0.33422569742222896
2 10 7 0.3263459525728152
2 10 8 0.24526495427329487
2 10 9 0.015240532332633894
2 10 10 0.4502717668892129
3 1 5 0.19879628021602502
3 1 6 0.28993573389995764
3 1 7 0.10962967530684753
3 1 8 0.013706774606361272
3 1 9 0.13294832448509009
3 1 10 0.45786193668593955
3 2 1 0.21869241975159814
3 2 2 0.14850953134781875
3 2 3 0.13830509716295702
3 2 4 0.2645035375357083
3 2 5 0.37476425803699975
3 2 6 0.007232847513060747
3 2 7 0.23417537143899447
3 2 8 0.1934112224228942
3 2 9 0.13250707637707437
3 2 10 0.15414627177773532
3 3 1 0.4695180226139637
3 3 2 0.4046512899128276
3 3 3 0.49336740518689703
3 3 5 0.3159516855299228
3 3 6 0.15364275571340047
3 3 7 0.4851352954534228
3 3 8 0.33757384901975684
3 3 9 0.44656080541199605
3 4 1 0.012619204635179071
3 4 2 0.2675534028463151
3 4 3 0.38275820286539664
3 4 4 0.36895320528828335
3 4 5 0.3182855922588961
3 4 6 0.366462116920085
3 4 8 0.06319016420865875
3 4 9 0.3355038644359869
3 4 10 0.23308472803088387
3 5 1 0.32291142942505213
3 5 2 0.42361443318315695
3 5 3 0.05107583822618467
3 5 4 0.10677297775081429
3 5 5 0.41961921574763095
3 5 6 0.2178186338836794
3 5 7 0.3465971247845433
3 5 8 0.17254179897982813
3 5 9 0.40822853169796514
3 5 10 0.45008771129689973
3 6 1 0.45996465928635255
3 6 2 0.2928285946146284
3 6 3 0.42391524522262003
3 6 4 0.2701830569335778
3 6 5 0.19987677024283912
3 6 6 0.143335524425943
3 6 7 0.1678781580797052
3 6 9 0.29506193916266277
3 6 10 0.3686104098950411
3 7 1 0.3883319822589094
3 7 2 0.13149977086359688
3 7 3 0.48293535274030575
3 7 4 0.29320468643955755
3 7 5 0.2571873872264214
3 7 7 0.4594690373759285
3 7 8 0.46164333469838814
3 7 9 0.24724836647655202
3 7 10 0.17902781368763132
3 8 1 0.3009435106899173
3 8 2 0.0033261653760148224
3 8 4 0.0062012021759991764
3 8 5 0.24629959871065643
3 8 6 0.30989007136177826
3 8 7 0.4532415160986659
3 8 8 0.10958745776502343
3 8 9 0.17078356036686138
3 8 10 0.28547896397150374
3 9 1 0.383320846566255
3 9 2 0.31686087136556074
3 9 3 0.17808628887498823
3 9 4 0.1473577282932078
3 9 5 0.038454478718857876
3 9 6 0.47046316075859207
3 9 7 0.4770899336124754
3 9 8 0.2700600259361887
3 9 9 0.24201540569484215
3 9 10 0.2605249385756174
3 10 1 0.4619312209436305
3 10 2 0.4970150083005135
3 10 3 0.09540726492162521
3 10 4 0.11200883202983314
3 10 6 0.005550392599766196
3 10 7 0.32462968340407805
3 10 8 0.32461558173866334
3 10 9 0.16800073062676601
3 10 10 0.4515463736215879
4 1 1 0.24661787287737258
4 1 2 0.09727942266159129
4 1 3 0.14564709833220013
4 1 4 0.3427011013999548
4 1 5 0.37056113365831744
4 1 6 0.04160718008048292
4 1 7 0.27055435785061777
4 1 8 0.008206812518437578
4 1 9 0.18665993393574298
4 1 10 0.2330156877174061
4 2 2 0.0919587795220842
4 2 4 0.016158259529149177
4 2 5 0.4247188062011189
4 2 6 0.27350685055479784
4 2 7 0.08815891329475711
4 2 8 0.2999307320183435
4 2 9 0.4892011731598632
4 2 10 0.49296010232896614
4 3 1 0.22027156795589242
4 3 2 0.3283503240073381
4 3 3 0.21670596286911303
4 3 4 0.2790504818667012
4 3 6 0.2888777939075583
4 3 7 0.45216483745027647
4 3 8 0.275326629970575
4 3 10 0.3368482919655029
4 4 1 0.12685893549158933
4 4 2 0.13449558542394002
4 4 3 0.33066201072885704
4 4 4 0.3238462927437209
4 4 6 0.4016030402191828
4 4 7 0.36308737491675247
4 4 8 0.3196116237821416
4 4 9 0.24283827164673044
4 4 10 0.06756160324131244
4 5 1 0.2198470182857568
4 5 2 0.3670846484187201
4 5 3 0.41217821578564195
4 5 4 0.17878746000692558
4 5 5 0.28339373434429826
4 5 6 0.14390817747250106
4 5 7 0.35051136804653926
4 5 8 0.4717803605037394
4 5 9 0.06607152587037801
4 5 10 0.4950389575926959
4 6 1 0.269425643594718
4 6 2 0.36515910494935333
4 6 3 0.1806690278702322
4 6 4 0.48257961121342774
4 6 5 0.12579336476477587
4 6 6 0.3744100644827103
4 6 7 0.11620547884856025
4 6 8 0.44666921019585937
4 6 9 0.4111154006675042
4 6 10 0.35338653481711024
4 7 1 0.21463810472183775
4 7 2 0.38464104746918293
4 7 3 0.22470916545903197
4 7 4 0.05824369206295388
4 7 5 0.3634701774446273
4 7 6 0.25837474346582867
4 7 7 0.1188050010293149
4 7 8 0.18504448433293674
4 7 9 0.4201288102415468
4 7 10 0.014513116349250232
4 8 1 0.1168363772372023
4 8 2 0.12441593680468899
4 8 3 0.1573747703478774
4 8 4 0.17215531975643128
4 8 5 0.42007300573591844
4 8 6 0.04959400833589456
4 8 7 0.20828316970899508
4 8 8 0.36126778044339836
4 8 9 0.19917021976609262
4 8 10 0.23574498455593007
4 9 1 0.42745803611433086
4 9 3 0.22624718175406677
4 9 4 0.3280673028534892
4 9 5 0.07813360359865462
4 9 7 0.0900421910766388
4 9 9 0.023197129905470626
4 9 10 0.3826048000253043
4 10 1 0.2321024333111531
4 10 3 0.2965276581037043
4 10 4 0.11842734092905838
4 10 5 0.3488485270869034
4 10 6 0.060805112135279615
4 10 7 0.4873079269806019
4 10 8 0.18921618804182805
4 10 10 0.2696587877134511
5 1 1 0.20082540743637933
5 1 2 0.09054369369697313
5 1 3 0.4606919487829655
5 1 4 0.46159070150245307
5 1 5 0.4383566589843628
5 1 6 0.1279905659974847
5 1 7 0.04989364496503179
5 1 8 0.014932571251583093
5 1 9 0.4484443852311799
5 1 10 0.12050621670861172
5 2 1 0.4326354730603671
5 2 2 0.47708015849971575
5 2 3 0.005779387172809014
5 2 4 0.07351479513608683
5 2 6 0.349478255293289
5 2 7 0.25470855419190896
5 2 9 0.42584828224868054
5 2 10 0.020730462171952513
5 3 1 0.08448488444177527
5 3 2 0.13679128654116668
5 3 3 0.23723984451477798
5 3 4 0.13959200289168217
5 3 5 0.03360951771356002
5 3 6 0.3612964490906073
5 3 7 0.24837225029821353
5 3 8 0.07912829642540098
5 3 9 0.22026386424925914
5 3 10 0.0838812784446995
5 4 1 0.09057394714914291
5 4 3 0.3971866537586217
5 4 4 0.18681015033781923
5 4 5 0.0014076581160139545
5 4 6 0.4565707873110103
5 4 7 0.11605342819586062
5 4 8 0.3966684866387614
5 4 9 0.11954924763868813
5 4 10 0.1472795212537098
5 5 1 0.21389348767243932
5 5 2 0.07876650472485769
5 5 3 0.30480270377965246
5 5 4 0.2618405124568809
5 5 5 0.2609744965609233
5 5 6 0.44098555900484027
5 5 7 0.11602108187215598
5 5 8 0.21334186144001732
5 5 10 0.2741004243295181
5 6 1 0.23357842419614228
5 6 2 0.08160551241797942
5 6 3 0.45964976910051325
5 6 4 0.31446722123618065
5 6 5 0.44858900038648064
5 6 6 0.4899661951955836
5 6 7 0.15370683684867315
5 6 8 0.4782480924850171
5 6 9 0.28591525642142035
5 6 10 0.016289245281928433
5 7 1 0.34998870657788406
5 7 2 0.09383613537707336
5 7 3 0.3193862821191962
5 7 4 0.02607381016301602
5 7 5 0.26565230455213196
5 7 6 0.22331162570549756
5 7 7 0.10248619078852805
5 7 8 0.3059407327621959
5 7 10 0.44312536774605316
5 8 1 0.1318288055180733
5 8 2 0.3155767822869171
5 8 3 0.257248365593296
5 8 4 0.273328818085087
5 8 5 0.36514136406500963
5 8 6 0.04141396689510923
5 8 7 0.3346022597139773
5 8 9 0.2605043485370846
5 8 10 0.26298833647949116
5 9 1 0.009642709541999639
5 9 2 0.12019395146137613
5 9 4 0.19145258998562054
5 9 5 0.07584369674545077
5 9 6 0.1526496384260655
5 9 7 0.11261543543190833
5 9 8 0.29298128215977925
5 9 9 0.18301895111478084
5 9 10 0.03291707541554645
5 10 1 0.11753694943556126
5 10 2 0.022810304164978312
5 10 3 0.4679843170807122
5 10 4 0.16543472831240325
5 10 5 0.321205089913001
5 10 6 0.1653477403052458
5 10 7 0.10414205348209538
5 10 8 0.48738730677950215
5 10 9 0.0965052545623758
5 10 10 0.0018096667249806186
6 1 1 0.14611672015350674
6 1 2 0.06669990069967568
6 1 3 0.017260413200435698
6 1 4 0.05111943004598274
6 1 5 0.08526179209521212
6 1 6 0.363352247943431
6 1 7 0.06739687416641083
6 1 8 0.2794567968614151
6 1 9 0.28293133937939485
6 1 10 0.13889486046912913
6 2 1 0.43392492943575434
6 2 2 0.4529611025270516
6 2 3 0.07061038514148321
6 2 4 0.43303280723026427
6 2 6 0.36339321270698044
6 2 7 0.4833664419962339
6 2 8 0.385127578038729
6 2 9 0.2783094032318034
6 3 1 0.17618168651310073
6 3 2 0.3480907838998555
6 3 3 0.2358279664662165
6 3 4 0.467724233386132
6 3 5 0.1870190590458013
6 3 6 0.3267417109296181
6 3 7 0.4001851085614909
6 3 8 0.34194235210731405
6 3 9 0.24750881142942072
6 3 10 0.45224660539114636
6 4 1 0.306413976572552
6 4 2 0.352734216271412
6 4 3 0.3465300233150873
6 4 4 0.3816305380707349
6 4 5 0.4334613631825436
6 4 6 0.4518473506760312
6 4 7 0.036774428621305644
6 4 8 0.06442066051094208
6 4 9 0.31551279496035345
6 4 10 0.4148826365757943
6 5 1 0.37764555170131964
6 5 2 0.1089374882351345
6 5 3 0.12886644089432442
6 5 4 0.2999244796994087
6 5 5 0.4632372035968585
6 5 6 0.06609515516648512
6 5 7 0.4027379171993759
6 5 8 0.15447527218779122
6 5 9 0.2932059205511929
6 5 10 0.021879173174276678
6 6 1 0.3854134908927538
6 6 2 0.1578348271559017
6 6 3 0.34288335748339416
6 6 4 0.3572999567383578
6 6 5 0.43963189012854853
6 6 6 0.27536988156055975
6 6 7 0.26064307351232174
6 6 8 0.4892139771495325
6 6 9 0.40541182239401774
6 6 10 0.2733171469470279
6 7 3 0.44989722916669495
6 7 4 0.2946271267837256
6 7 5 0.08979592388108903
6 7 6 0.13893118024532625
6 7 7 0.1680774794037393
6 7 8 0.060261300070371226
6 7 9 0.2201882710857277
6 7 10 0.3985910381538238
6 8 1 0.0703432436104856
6 8 2 0.18016737513359937
6 8 3 0.21840870979381866
6 8 4 0.22120045450700787
6 8 5 0.3494844656366827
6 8 6 0.47247260346596276
6 8 7 0.31605405605240666
6 8 8 0.18932287644964474
6 8 9 0.20681457032575146
6 8 10 0.19617020048060196
6 9 1 0.21727826551026141
6 9 2 0.039050910076406375
6 9 3 0.4381208333710799
6 9 4 0.4078435988008501
6 9 5 0.15414838972295375
6 9 6 0.09862299724850021
6 9 7 0.32680221966003387
6 9 8 0.4897127127301263
6 9 9 0.12003947705491691
6 9 10 0.41059736375447853
6 10 1 0.3245016029345591
6 10 2 0.17670351559721953
6 10 3 0.018636159977606592
6 10 4 0.014755563031358832
6 10 5 0.22579404613192033
6 10 6 0.366825838998057
6 10 7 0.11581855750061198
6 10 8 0.3156765033447143
6 10 9 0.464799959003242
6 10 10 0.33763190493772377
