title
n = 25
P = 6
1 1 4
1 2 9
1 3 10
1 4 6
1 5 6
1 6 8
1 7 5
1 8 8
1 9 2
1 10 3
1 11 5
1 12 7
1 13 5
1 14 10
1 15 6
1 16 9
1 17 3
1 18 7
1 19 8
1 20 5
1 21 9
1 22 4
1 23 4
1 24 9
1 25 7
2 1 8
2 2 3
2 3 7
2 4 10
2 5 8
2 6 2
2 7 5
2 8 9
2 9 6
2 10 2
2 11 4
2 12 6
2 13 1
2 14 2
2 15 10
2 16 2
2 17 5
2 18 8
2 19 7
2 20 9
2 21 7
2 22 7
2 23 9
2 24 4
2 25 8
3 1 5
3 2 2
3 3 6
3 4 10
3 5 4
3 6 10
3 7 5
3 8 10
3 9 9
3 10 7
3 11 3
3 12 7
3 13 10
3 14 2
3 15 3
3 16 3
3 17 8
3 18 8
3 19 2
3 20 4
3 21 10
3 22 8
3 23 7
3 24 8
3 25 1
4 1 7
4 2 5
4 3 4
4 4 1
4 5 2
4 6 1
4 7 9
4 8 6
4 9 1
4 10 9
4 11 10
4 12 3
4 13 7
4 14 3
4 15 10
4 16 1
4 17 9
4 18 6
4 19 4
4 20 5
4 21 10
4 22 3
4 23 9
4 24 1
4 25 4
5 1 7
5 2 1
5 3 1
5 4 6
5 5 10
5 6 4
5 7 9
5 8 2
5 9 8
5 10 8
5 11 3
5 12 5
5 13 7
5 14 10
5 15 3
5 16 1
5 17 1
5 18 2
5 19 3
5 20 4
5 21 7
5 22 3
5 23 1
5 24 10
5 25 8
6 1 7
6 2 1
6 3 10
6 4 3
6 5 4
6 6 6
6 7 4
6 8 1
6 9 7
6 10 9
6 11 10
6 12 1
6 13 1
6 14 1
6 15 9
6 16 3
6 17 4
6 18 8
6 19 1
6 20 2
6 21 1
6 22 4
6 23 2
6 24 3
6 25 8
7 1 1
7 2 2
7 3 3
7 4 9
7 5 6
7 6 8
7 7 5
7 8 6
7 9 6
7 10 7
7 11 4
7 12 3
7 13 2
7 14 8
7 15 5
7 16 10
7 17 6
7 18 8
7 19 9
7 20 2
7 21 10
7 22 8
7 23 10
7 24 4
7 25 9
8 1 2
8 2 1
8 3 9
8 4 6
8 5 5
8 6 2
8 7 3
8 8 1
8 9 10
8 10 6
8 11 4
8 12 10
8 13 2
8 14 10
8 15 9
8 16 2
8 17 10
8 18 8
8 19 2
8 20 2
8 21 3
8 22 1
8 23 10
8 24 1
8 25 9
9 1 8
9 2 3
9 3 2
9 4 2
9 5 10
9 6 6
9 7 9
9 8 2
9 9 10
9 10 5
9 11 8
9 12 3
9 13 5
9 14 9
9 15 8
9 16 4
9 17 10
9 18 8
9 19 8
9 20 3
9 21 5
9 22 8
9 23 8
9 24 6
9 25 7
10 1 2
10 2 10
10 3 9
10 4 8
10 5 2
10 6 7
10 7 5
10 8 6
10 9 1
10 10 8
10 11 6
10 12 8
10 13 3
10 14 4
10 15 10
10 16 7
10 17 8
10 18 4
10 19 9
10 20 3
10 21 6
10 22 5
10 23 10
10 24 9
10 25 5
11 1 8
11 2 9
11 3 10
11 4 4
11 5 7
11 6 7
11 7 2
11 8 9
11 9 5
11 10 6
11 11 6
11 12 2
11 13 10
11 14 10
11 15 10
11 16 1
11 17 7
11 18 8
11 19 8
11 20 8
11 21 3
11 22 9
11 23 8
11 24 7
11 25 9
12 1 4
12 2 7
12 3 4
12 4 10
12 5 8
12 6 10
12 7 5
12 8 6
12 9 1
12 10 9
12 11 5
12 12 6
12 13 7
12 14 2
12 15 7
12 16 2
12 17 7
12 18 7
12 19 4
12 20 4
12 21 4
12 22 4
12 23 1
12 24 6
12 25 9
13 1 8
13 2 9
13 3 9
13 4 4
13 5 7
13 6 9
13 7 2
13 8 3
13 9 1
13 10 5
13 11 10
13 12 7
13 13 4
13 14 8
13 15 10
13 16 8
13 17 9
13 18 4
13 19 9
13 20 3
13 21 1
13 22 3
13 23 3
13 24 10
13 25 1
14 1 2
14 2 9
14 3 2
14 4 4
14 5 4
14 6 9
14 7 10
14 8 3
14 9 3
14 10 10
14 11 6
14 12 3
14 13 2
14 14 8
14 15 3
14 16 3
14 17 4
14 18 5
14 19 5
14 20 7
14 21 3
14 22 8
14 23 10
14 24 10
14 25 9
15 1 7
15 2 9
15 3 8
15 4 4
15 5 8
15 6 2
15 7 7
15 8 1
15 9 4
15 10 8
15 11 1
15 12 9
15 13 7
15 14 4
15 15 4
15 16 5
15 17 4
15 18 1
15 19 6
15 20 9
15 21 5
15 22 8
15 23 9
15 24 5
15 25 6
16 1 7
16 2 4
16 3 6
16 4 2
16 5 5
16 6 7
16 7 6
16 8 1
16 9 1
16 10 1
16 11 8
16 12 2
16 13 2
16 14 2
16 15 8
16 16 9
16 17 3
16 18 2
16 19 4
16 20 10
16 21 7
16 22 8
16 23 4
16 24 5
16 25 7
17 1 8
17 2 7
17 3 4
17 4 6
17 5 10
17 6 3
17 7 8
17 8 4
17 9 3
17 10 3
17 11 6
17 12 6
17 13 8
17 14 9
17 15 2
17 16 10
17 17 4
17 18 8
17 19 4
17 20 9
17 21 9
17 22 7
17 23 10
17 24 6
17 25 5
18 1 8
18 2 10
18 3 4
18 4 1
18 5 9
18 6 7
18 7 2
18 8 1
18 9 5
18 10 5
18 11 1
18 12 2
18 13 9
18 14 4
18 15 2
18 16 8
18 17 5
18 18 5
18 19 7
18 20 1
18 21 2
18 22 1
18 23 8
18 24 8
18 25 7
19 1 3
19 2 1
19 3 10
19 4 9
19 5 10
19 6 4
19 7 4
19 8 4
19 9 6
19 10 7
19 11 5
19 12 2
19 13 2
19 14 4
19 15 7
19 16 5
19 17 8
19 18 9
19 19 5
19 20 9
19 21 7
19 22 6
19 23 6
19 24 3
19 25 5
20 1 6
20 2 8
20 3 6
20 4 7
20 5 9
20 6 6
20 7 8
20 8 2
20 9 5
20 10 2
20 11 7
20 12 5
20 13 5
20 14 9
20 15 6
20 16 1
20 17 10
20 18 4
20 19 2
20 20 5
20 21 8
20 22 10
20 23 6
20 24 6
20 25 5
21 1 8
21 2 9
21 3 1
21 4 1
21 5 9
21 6 1
21 7 10
21 8 7
21 9 1
21 10 7
21 11 2
21 12 3
21 13 10
21 14 10
21 15 10
21 16 2
21 17 5
21 18 8
21 19 5
21 20 10
21 21 6
21 22 7
21 23 8
21 24 10
21 25 10
22 1 7
22 2 5
22 3 8
22 4 10
22 5 6
22 6 9
22 7 6
22 8 10
22 9 9
22 10 4
22 11 3
22 12 5
22 13 10
22 14 8
22 15 9
22 16 4
22 17 8
22 18 5
22 19 1
22 20 3
22 21 7
22 22 8
22 23 7
22 24 9
22 25 2
23 1 7
23 2 8
23 3 8
23 4 2
23 5 7
23 6 8
23 7 7
23 8 3
23 9 8
23 10 1
23 11 7
23 12 10
23 13 2
23 14 8
23 15 1
23 16 7
23 17 5
23 18 1
23 19 6
23 20 3
23 21 10
23 22 8
23 23 7
23 24 7
23 25 1
24 1 4
24 2 5
24 3 6
24 4 10
24 5 5
24 6 2
24 7 4
24 8 6
24 9 6
24 10 7
24 11 10
24 12 2
24 13 1
24 14 2
24 15 9
24 16 3
24 17 6
24 18 3
24 19 2
24 20 9
24 21 10
24 22 8
24 23 8
24 24 10
24 25 2
25 1 9
25 2 7
25 3 7
25 4 2
25 5 7
25 6 3
25 7 5
25 8 4
25 9 9
25 10 5
25 11 1
25 12 10
25 13 10
25 14 8
25 15 1
25 16 9
25 17 9
25 18 1
25 19 6
25 20 4
25 21 6
25 22 2
25 23 1
25 24 2
25 25 10
1 1 1 0.15610640554032862
1 1 2 0.29244782501414024
1 1 3 0.36464272827855027
1 1 4 0.12122212589652093
1 1 5 0.39693364697904754
1 1 6 0.22008716929890804
1 1 7 0.022577752834273435
1 1 8 0.10569183810151006
1 1 9 0.24122421448576836
1 1 10 0.38173049690905314
1 1 11 0.39698527309505394
1 1 12 0.49065813033203187
1 1 14 0.03478923586714333
1 1 15 0.13299032467516791
1 1 16 0.2790347918408077
1 1 17 0.323811376789381
1 1 18 0.4932657235848068
1 1 19 0.07368319423337777
1 1 20 0.33603329677753935
1 1 21 0.4728610657987523
1 1 22 0.45610386360602695
1 1 23 0.3949719730418356
1 1 24 0.14612091903752655
1 1 25 0.2701686972315125
1 2 1 0.05126616918160232
1 2 2 0.15546267176147377
1 2 3 0.10050202740266023
1 2 4 0.4880301761387338
1 2 5 0.4134257247317026
1 2 6 0.022495076722757856
1 2 8 0.2101784389154273
1 2 10 0.3487498027554764
1 2 11 0.3178953689009565
1 2 12 0.2740737372572728
1 2 13 0.05907678993593257
1 2 14 0.37372179619929646
1 2 15 0.4026591774382955
1 2 16 0.2310548034637786
1 2 17 0.0362942663188468
1 2 18 0.2737890160476173
1 2 20 0.10008333418121118
1 2 21 0.20493541924948933
1 2 22 0.2686131763555224
1 2 23 0.42073769009077866
1 2 24 0.042804166156794055
1 2 25 0.44893220112091325
1 3 1 0.15589039728820697
1 3 3 0.07984812185997958
1 3 4 0.49711914072208363
1 3 5 0.2871320864773651
1 3 6 0.22771159229180604
1 3 7 0.020791612061127118
1 3 8 0.3089912193542381
1 3 9 0.0706819801834403
1 3 10 0.26337120056849206
1 3 13 0.2763811561946834
1 3 14 0.07518589545889787
1 3 15 0.26184805915221276
1 3 16 0.22816942932505535
1 3 17 0.39679983094852256
1 3 18 0.26590779093205685
1 3 19 0.20383958903915145
1 3 20 0.08795884650101782
1 3 22 0.2904312355652704
1 3 23 0.46281101557919646
1 3 24 0.48499495934990877
1 4 1 0.23683975837656757
1 4 2 0.42694808908616566
1 4 3 0.46537368939761825
1 4 4 0.09754681516670383
1 4 5 0.007439526982768285
1 4 6 0.19124063527961888
1 4 7 0.19500412052689708
1 4 8 0.008083882335672476
1 4 9 0.22283143021368768
1 4 10 0.38181059691633235
1 4 11 0.143929848953691
1 4 12 0.06640758749030706
1 4 13 0.017580220562123827
1 4 15 0.43282190992811276
1 4 16 0.45869018264387507
1 4 17 0.02099471888517901
1 4 18 0.3316029839676228
1 4 19 0.3968921272052153
1 4 21 0.18899916563573438
1 4 22 0.4997041661814574
1 4 23 0.16362048185047728
1 4 24 0.18411626463182706
1 4 25 0.42591608004108694
1 5 1 0.35919827230082046
1 5 3 0.3858590787908317
1 5 4 0.08734339842066674
1 5 5 0.282938839023532
1 5 7 0.02488879300978375
1 5 8 0.15482538195523665
1 5 10 0.17627248096210435
1 5 11 0.17544842228817914
1 5 12 0.4173851073093131
1 5 13 0.12514214694864823
1 5 14 0.14250773154774687
1 5 15 0.040371158440426824
1 5 16 0.49227294708489666
1 5 17 0.3159169196115741
1 5 18 0.28089614197304213
1 5 19 0.07477300241828722
1 5 20 0.21916764714272907
1 5 21 0.21756841586264786
1 5 22 0.048843579460835285
1 5 23 0.07910336746409186
1 5 24 0.42611625442080325
1 5 25 0.2706300740994376
1 6 1 0.4191696662597999
1 6 2 0.15331027362853933
1 6 3 0.25504025097004024
1 6 4 0.3780460935997957
1 6 5 0.3444952665351475
1 6 6 0.1574223473371229
1 6 7 0.32171204410608345
1 6 8 0.354295056977998
1 6 9 0.05780171418664837
1 6 10 0.43528263908003395
1 6 11 0.10900522073863961
1 6 12 0.45273705133950826
1 6 13 0.37029499065240734
1 6 14 0.03926673403273495
1 6 15 0.3550526304787639
1 6 16 0.3372309722907607
1 6 17 0.08388623893509373
1 6 18 0.20354854293701297
1 6 19 0.34985813661377174
1 6 20 0.11528710476900716
1 6 21 0.007112673862084917
1 6 22 0.3643743355675334
1 6 23 0.3763195187651458
1 6 24 0.08382257506548074
1 6 25 0.39716277030812375
1 7 1 0.32183090896319544
1 7 2 0.2831453673259141
1 7 3 0.2557885248579157
1 7 4 0.16142844348359542
1 7 5 0.35103375069568166
1 7 6 0.2837793240469809
1 7 7 0.05825645511928135
1 7 8 0.006515618052980288
1 7 9 0.2669330586864348
1 7 10 0.031692164457656324
1 7 11 0.4727595402457855
1 7 12 0.1644865210288261
1 7 13 0.06949769828148322
1 7 14 0.10643850048145276
1 7 15 0.3856162965133191
1 7 16 0.18349747070402533
1 7 17 0.47864771286988494
1 7 18 0.4181508016586115
1 7 19 0.20479919685736392
1 7 20 0.027113398459082227
1 7 21 0.29536770121675704
1 7 22 0.31242736579163555
1 7 23 0.16970303478634718
1 7 24 0.4300418984875919
1 7 25 0.34604227448455016
1 8 1 0.4033614444394935
1 8 2 0.4100232460192559
1 8 3 0.4806165826823986
1 8 5 0.10707414050950748
1 8 6 0.35676995067555817
1 8 7 0.395059691754833
1 8 8 0.37873743517282477
1 8 9 0.24770913310965592
1 8 10 0.4375389472029102
1 8 11 0.3895869184848889
1 8 12 0.4656858109742883
1 8 13 0.1897564913028129
1 8 14 0.16723159455928227
1 8 16 0.0790647870942136
1 8 17 0.4813379824340991
1 8 18 0.4387962313239764
1 8 19 0.4093699989404874
1 8 20 0.11802610730870977
1 8 21 0.37383662778123683
1 8 22 0.08615501289118721
1 8 23 0.3077432801288973
1 8 24 0.054005660896315644
1 9 1 0.19901922372162617
1 9 2 0.22312811747955819
1 9 3 0.09868404345658865
1 9 4 0.1784285802044926
1 9 5 0.40453790639284526
1 9 6 0.19997062455240455
1 9 7 0.2724914630851015
1 9 8 0.023118981494693047
1 9 9 0.12807982530185158
1 9 10 0.18911273593336386
1 9 11 0.47308198435644633
1 9 12 0.24284803348839723
1 9 13 0.03684981632187956
1 9 14 0.3120798741667823
1 9 15 0.2730318651797189
1 9 16 0.1685716833824238
1 9 17 0.005086414563475694
1 9 18 0.20888320428504314
1 9 19 0.3817675930578037
1 9 20 0.2593424215056097
1 9 21 0.36023064688337003
1 9 22 0.12435812062686136
1 9 23 0.4499608408894098
1 9 24 0.13615017324532408
1 9 25 0.1656800046497191
1 10 1 0.47790497545647737
1 10 2 0.1985065426372553
1 10 3 0.21279984861576895
1 10 4 0.30092812680184833
1 10 5 0.4783040208271018
1 10 6 0.44502854771056266
1 10 7 0.41824440910844907
1 10 8 0.263258133769221
1 10 9 0.16345612010022126
1 10 10 0.3758685437674437
1 10 11 0.0967931293151687
1 10 12 0.04537898766710835
1 10 13 0.28959896019725573
1 10 15 0.2955742344250005
1 10 16 0.3560409189788999
1 10 17 0.1450629099501537
1 10 18 0.4960540777590191
1 10 19 0.2492732746373455
1 10 21 0.05540573892052125
1 10 22 0.07293329215714206
1 10 23 0.05271054868891267
1 10 25 0.18382699919606305
1 11 1 0.4595899873698822
1 11 2 0.4563979698796917
1 11 3 0.3710093623000954
1 11 4 0.24824920252478389
1 11 5 0.11339246722539653
1 11 6 0.04412924880651792
1 11 7 0.355418228580587
1 11 9 0.23471245131339347
1 11 10 0.18415586325754296
1 11 12 0.14265122258751006
1 11 13 0.3890235642541202
1 11 14 0.4891384735729183
1 11 15 0.16304236165817187
1 11 16 0.20731955677314173
1 11 17 0.06448555978960657
1 11 18 0.4266784082682581
1 11 19 0.19751579537664998
1 11 20 0.1649455504600219
1 11 21 0.3898989695492433
1 11 22 0.16285323204929858
1 11 24 0.16186655411420614
1 12 1 0.27740003104747823
1 12 2 0.4822840870429842
1 12 3 0.3806007698394711
1 12 4 0.20856900705228054
1 12 6 0.2655736065674593
1 12 7 0.009993094918700263
1 12 8 0.254765824584515
1 12 9 0.11430646352061802
1 12 11 0.12994314460805922
1 12 12 0.4999369227210563
1 12 13 0.2764122102473099
1 12 14 0.43305221664700944
1 12 15 0.35453755316050795
1 12 16 0.17324174796500702
1 12 17 0.062183107948366345
1 12 18 0.32424287584495026
1 12 19 0.27556887941903485
1 12 20 0.16098192124509636
1 12 21 0.25768640619598193
1 12 22 0.05858220757230648
1 12 23 0.20145483807494902
1 12 24 0.02059955696264948
1 12 25 0.1484746415427214
1 13 1 0.18293880604108148
1 13 2 0.18914689547129715
1 13 3 0.3354921730009919
1 13 4 0.04867371912610374
1 13 5 0.467992659953131
1 13 6 0.16120179717985084
1 13 7 0.31255251596036593
1 13 8 0.4635269106983314
1 13 9 0.19368108282974528
1 13 10 0.20341888679836617
1 13 11 0.47286149822220536
1 13 12 0.16478643246876878
1 13 13 0.16244358994020258
1 13 14 0.18080177707169476
1 13 16 0.19042885933172027
1 13 17 0.07597088023895004
1 13 18 0.24535129067138195
1 13 19 0.45893360979992626
1 13 20 0.3203056962792892
1 13 21 0.08806222586312973
1 13 22 0.23024451710498828
1 13 23 0.4008488250078256
1 13 25 0.24519897197909812
1 14 1 0.022180975485086463
1 14 3 0.49570018736967014
1 14 4 0.06813525912014085
1 14 5 0.10781810336456388
1 14 6 0.39670879446956664
1 14 7 0.47636205947520105
1 14 8 0.4285247673589484
1 14 9 0.49980339039073973
1 14 10 0.40288109890639556
1 14 11 0.13240626672849398
1 14 12 0.07983180473393314
1 14 13 0.06267752039993191
1 14 14 0.25621626084227767
1 14 15 0.2903694796141929
1 14 16 0.313976592838471
1 14 17 0.041474771097110175
1 14 18 0.24933124186573197
1 14 19 0.014143402166968744
1 14 20 0.14687307861513854
1 14 21 0.3136586088591701
1 14 22 0.29732583736669316
1 14 23 0.2263912693553397
1 14 24 0.3207549235465509
1 14 25 0.12189879001949
1 15 1 0.32612141704104813
1 15 2 0.043610647264653024
1 15 3 0.4624209947730623
1 15 4 0.2881928915135581
1 15 5 0.20998431636482517
1 15 6 0.3749338417254785
1 15 7 0.13889411637914384
1 15 8 0.2735607453880544
1 15 9 0.014392198722662175
1 15 10 0.3257997260949014
1 15 11 0.43511528615568296
1 15 12 0.3041734648893387
1 15 13 0.13360827028351518
1 15 15 0.30160029214195616
1 15 16 0.35368846694820577
1 15 17 0.19217189522791767
1 15 18 0.1874814524979137
1 15 19 0.2843567304914274
1 15 20 0.08466760597747625
1 15 21 0.21856057989341582
1 15 22 0.27152310060106233
1 15 23 0.01277412339106343
1 15 24 0.00650148110681481
1 15 25 0.3414488014706235
1 16 1 0.3814708184895108
1 16 2 0.16540092287132657
1 16 3 0.051869206547593194
1 16 4 0.4953633480645556
1 16 5 0.49021801802782516
1 16 6 0.25331682292939295
1 16 7 0.1225050614828832
1 16 8 0.4066744595107262
1 16 9 0.18982063360689783
1 16 10 0.37289722222587274
1 16 11 0.4363534992295769
1 16 12 0.2070617335471684
1 16 13 0.35134708209775045
1 16 14 0.1620141793968466
1 16 15 0.3326328289161907
1 16 16 0.11505880364466492
1 16 17 0.10611954660029665
1 16 18 0.0724125868833626
1 16 19 0.38677204178357427
1 16 21 0.0064403481084182035
1 16 22 0.04216827492135011
1 16 23 0.23231879456274374
1 16 24 0.010051715042137088
1 17 1 0.2954129378229089
1 17 2 0.47727438281148393
1 17 3 0.22333971160180788
1 17 4 0.4308226823675192
1 17 5 0.20256340109528392
1 17 7 0.498224154057622
1 17 8 0.2281091160402967
1 17 9 0.24137798560193946
1 17 10 0.1812423866595524
1 17 11 0.13657285023251842
1 17 12 0.2567155256333816
1 17 13 0.15773058018928598
1 17 14 0.48823464677665807
1 17 15 0.09863293368464432
1 17 16 0.47376522804266796
1 17 17 0.19998430943641932
1 17 18 0.22305519241469218
1 17 19 0.43536506135399
1 17 20 0.06777705881478224
1 17 21 0.018343653992051512
1 17 22 0.20388699737368332
1 17 23 0.30474594149853396
1 17 24 0.0371791331931659
1 17 25 0.43513426867649807
1 18 1 0.4274199852661198
1 18 3 0.28861372764341553
1 18 4 0.04636866747914481
1 18 5 0.3036497043840598
1 18 6 0.21314178819611862
1 18 7 0.3006401634988426
1 18 8 0.28144912577638936
1 18 9 0.2842171172775261
1 18 10 0.48947645033364406
1 18 11 0.4002827466457701
1 18 12 0.13796613779794087
1 18 13 0.28065684646360967
1 18 14 0.16692490440038776
1 18 15 0.4573070499901246
1 18 16 0.2665234115622115
1 18 17 0.220266293730923
1 18 18 0.3363778869034576
1 18 19 0.3990630362455293
1 18 21 0.3596682575316825
1 18 22 0.10124765878767505
1 18 23 0.14192752182973523
1 18 24 0.38591973266079593
1 19 1 0.019634064194696377
1 19 2 0.13222416568826545
1 19 3 0.048328840877826296
1 19 6 0.06967400997408646
1 19 7 0.29244815653232803
1 19 8 0.4463383896476223
1 19 10 0.31789985486156946
1 19 11 0.1263142425267818
1 19 12 0.07449561355811696
1 19 13 0.30235647772804297
1 19 14 0.013239564528486736
1 19 15 0.19933836804449856
1 19 17 0.28599665760665594
1 19 18 0.030644040214915624
1 19 19 0.368375240208351
1 19 20 0.4375592613482048
1 19 21 0.050462290693986334
1 19 22 0.03525421969092313
1 19 23 0.03818942503859113
1 19 24 0.4812777933089122
1 19 25 0.016584362647770745
1 20 1 0.2643422296415634
1 20 3 0.3705976035654933
1 20 4 0.1118389228870249
1 20 5 0.2010370771799297
1 20 6 0.11968327951689983
1 20 7 0.06536227566086195
1 20 8 0.04580995699504342
1 20 9 0.3466167551994179
1 20 10 0.4422806906441358
1 20 11 0.33407302419334195
1 20 12 0.46525743008314424
1 20 13 0.11133038065397727
1 20 14 0.21366439920603808
1 20 15 0.27569393114081153
1 20 16 0.19271802836326213
1 20 17 0.117939368865972
1 20 18 0.031672515944845436
1 20 19 0.48345658225236743
1 20 20 0.3779944458731743
1 20 21 0.4772573005780627
1 20 22 0.45323749356372667
1 20 24 0.25953347529961424
1 20 25 0.37077388750756335
1 21 5 0.25202817479119066
1 21 6 0.3112619048756198
1 21 7 0.2633269691032758
1 21 8 0.24906634472229194
1 21 9 0.0352984741556146
1 21 10 0.2060947459934186
1 21 11 0.13429568943028947
1 21 12 0.1631791849862827
1 21 13 0.19761784606152988
1 21 14 0.13074649436965868
1 21 15 0.11116585495906905
1 21 16 0.32775534104854576
1 21 17 0.265373832789479
1 21 19 0.14909659081747362
1 21 20 0.2274871750636357
1 21 22 0.3403291708503562
1 21 23 0.0056275714645928065
1 21 24 0.35315718426124476
1 22 1 0.16307521056285712
1 22 3 0.17159860243601777
1 22 4 0.16250555635453356
1 22 5 0.08061672625321636
1 22 6 0.10334041721793419
1 22 7 0.23163869521612546
1 22 8 0.06637877021747074
1 22 9 0.1660326174981227
1 22 10 0.49477865412216615
1 22 11 0.03426775599470644
1 22 12 0.08832053266970075
1 22 13 0.4506050551617623
1 22 14 0.31880452795382996
1 22 15 0.06707139676602525
1 22 16 0.36807443913145377
1 22 17 0.2548458647717079
1 22 18 0.298780313448492
1 22 19 0.011967204679014132
1 22 20 0.05759242767580719
1 22 21 0.09621124377239598
1 22 22 0.3240161230817771
1 22 23 0.11813068839476981
1 22 24 0.3836288513716042
1 22 25 0.1761498377992461
1 23 1 0.48188335606387744
1 23 2 0.2043224162406213
1 23 4 0.31010693723616545
1 23 5 0.1794633618238406
1 23 6 0.19700787374093442
1 23 7 0.4696632522418023
1 23 8 0.369170527950166
1 23 9 0.4512901546428394
1 23 10 0.38728006619291444
1 23 11 0.3367628400549598
1 23 13 0.29320576813810695
1 23 14 0.28003201823442103
1 23 15 0.14038100413291
1 23 17 0.03946864349791668
1 23 18 0.08497659142879133
1 23 19 0.12485270754307842
1 23 20 0.27093944730557296
1 23 21 0.3436846556528882
1 23 22 0.09209938241298476
1 23 24 0.23789418215184843
1 23 25 0.03651570355860034
1 24 1 0.34966051455027025
1 24 2 0.21494810827530975
1 24 3 0.15204837271991412
1 24 5 0.21602611299774388
1 24 6 0.19813030597262904
1 24 7 0.31909344358650105
1 24 8 0.3057899659035034
1 24 9 0.19861762903576796
1 24 11 0.19597311979838394
1 24 12 0.24872634659913595
1 24 14 0.1341927929374661
1 24 15 0.49551844226351327
1 24 16 0.08335145313125347
1 24 17 0.4249569213921578
1 24 18 0.20831182716381236
1 24 19 0.2373333100604902
1 24 20 0.04690258247353285
1 24 21 0.29756655371916774
1 24 22 0.37442544907634323
1 24 23 0.35449223748629943
1 24 24 0.02307527330307446
1 24 25 0.1622274120917745
1 25 1 0.06221381422518135
1 25 2 0.22546076613804078
1 25 3 0.4906299753652599
1 25 4 0.46299175601203113
1 25 5 0.1759211420553618
1 25 6 0.1888852601546287
1 25 7 0.017637375355976093
1 25 9 0.3104531206205331
1 25 10 0.2028948022120003
1 25 11 0.21050325246289392
1 25 12 0.14781388478862068
1 25 13 0.3697923487904513
1 25 14 0.32355950362777486
1 25 15 0.17290273206648665
1 25 16 0.2035712040446339
1 25 17 0.09994853919624858
1 25 18 0.2914779592651223
1 25 19 0.1988424531830152
1 25 20 0.06541157559483979
1 25 21 0.3914966586612788
1 25 23 0.4988558132606564
1 25 24 0.34895715373156233
1 25 25 0.2646569455486869
2 1 1 0.4364346320389543
2 1 2 0.23269133627338223
2 1 3 0.1206619972744909
2 1 4 0.2596093634463412
2 1 5 0.24402618579905755
2 1 6 0.07642811363199609
2 1 7 0.21234051560441014
2 1 9 0.2071132099258005
2 1 10 0.18372988802619517
2 1 11 0.14640531406994395
2 1 12 0.2761090579368498
2 1 13 0.37543535505710346
2 1 14 0.27668479185566663
2 1 15 0.04376203440837434
2 1 16 0.024108479699714636
2 1 17 0.03243148379163385
2 1 18 0.022689678411961456
2 1 19 0.20206482100023593
2 1 22 0.1662297341103517
2 1 23 0.15227212709615046
2 1 24 0.3059712035981548
2 1 25 0.37770983128963165
2 2 1 0.28959197378726
2 2 2 0.12071056622490206
2 2 3 0.2703089789036346
2 2 4 0.3957938110273648
2 2 5 0.09935993740238769
2 2 6 0.28804674126167296
2 2 7 0.42248331257277016
2 2 8 0.04747530737624228
2 2 9 0.3971235767199329
2 2 10 0.05355727559000445
2 2 11 0.08875809545285551
2 2 13 0.026379571225127796
2 2 14 0.31316620685112695
2 2 15 0.22346756148386526
2 2 16 0.06324239725924952
2 2 17 0.26785029832899643
2 2 18 0.24418985418500705
2 2 19 0.1634483331529153
2 2 20 0.07444366499519439
2 2 21 0.2803063606738334
2 2 22 0.0927155531923588
2 2 23 0.16009744074048127
2 2 24 0.4070962108872247
2 2 25 0.08596974865181606
2 3 1 0.47646303141486934
2 3 2 0.16926838738665861
2 3 3 0.10683050339837774
2 3 4 0.4693720183520751
2 3 5 0.46810356642358075
2 3 7 0.48015422824262977
2 3 8 0.46527778855693935
2 3 9 0.214083013978691
2 3 11 0.06782868839053324
2 3 12 0.4119877202974188
2 3 13 0.41872040262474186
2 3 14 0.16478014438608513
2 3 15 0.18645377530054952
2 3 16 0.23164889649049603
2 3 17 0.3950776154126483
2 3 18 0.09192579390833389
2 3 19 0.01259190332453497
2 3 20 0.42582158292685746
2 3 21 0.49245522577902856
2 3 22 0.19776264885346384
2 3 23 0.47596193409835197
2 3 24 0.3196035849902722
2 3 25 0.18200843334846306
2 4 1 0.1363061873696949
2 4 2 0.41487434248879407
2 4 4 0.2748195665446087
2 4 5 0.16530520134538962
2 4 7 0.059285779744817524
2 4 8 0.463495294197265
2 4 9 0.304819592800775
2 4 10 0.4032220615376758
2 4 11 0.1744190626776715
2 4 12 0.3197259944202616
2 4 13 0.12000934351737791
2 4 14 0.40020920041003505
2 4 16 0.42388900121956274
2 4 17 0.3040476107171626
2 4 18 0.2706557177021114
2 4 19 0.44232239190463973
2 4 20 0.09624565179077982
2 4 21 0.03716685308886403
2 4 22 0.05250287305172141
2 4 23 0.17396274105543408
2 4 24 0.27899635399046085
2 4 25 0.33461439956815087
2 5 1 0.1854316581134492
2 5 2 0.28223893068655204
2 5 3 0.43763116325292484
2 5 4 0.0026260124321149103
2 5 5 0.27044976924252795
2 5 6 0.10422526511746488
2 5 7 0.445501604116154
2 5 8 0.1593470572741401
2 5 9 0.4484475946038481
2 5 10 0.26259333178108035
2 5 11 0.1942987209394469
2 5 12 0.068276953698169
2 5 13 0.3998065618267366
2 5 14 0.3641117818318792
2 5 15 0.2556073149703696
2 5 16 0.47710366938310333
2 5 17 0.09458994490534323
2 5 18 0.1205689385120935
2 5 19 0.2777364723128085
2 5 20 0.33379506730436803
2 5 21 0.1918908925476266
2 5 22 0.26410113828978166
2 5 23 0.04028631426880269
2 5 24 0.22116331417840684
2 5 25 0.0519612391780212
2 6 1 0.10702795085808114
2 6 2 0.28976134512766927
2 6 3 0.4212646723141933
2 6 4 0.3023134308402955
2 6 6 0.025402762075298346
2 6 7 0.4854960063378818
2 6 8 0.017585961104015224
2 6 9 0.2526238040684252
2 6 10 0.058129160121147105
2 6 12 0.4789820239760786
2 6 13 0.4382562894516634
2 6 15 0.358284078189091
2 6 16 0.37137583166640153
2 6 18 0.32512803402465407
2 6 19 0.001719789542480088
2 6 21 0.3053102702202002
2 6 22 0.43051933768975725
2 6 23 0.004523224513990676
2 6 24 0.0847045852245627
2 6 25 0.4161311383405505
2 7 1 0.1675740087581853
2 7 2 0.05908487550436625
2 7 3 0.43853832435931983
2 7 4 0.3408900198312321
2 7 5 0.3989072418980779
2 7 6 0.048508697987787786
2 7 7 0.3334271385909754
2 7 8 0.4236995683818443
2 7 9 0.3114230985812275
2 7 10 0.23737595996412586
2 7 11 0.31964928186950103
2 7 12 0.21107362774915306
2 7 13 0.043010985923492395
2 7 14 0.43306075713336256
2 7 15 0.38881604866046005
2 7 16 0.23462830285025527
2 7 17 0.15900858745001734
2 7 18 0.36524773258530174
2 7 20 0.14231049034783483
2 7 22 0.09514846205379035
2 7 23 0.33891305710756126
2 7 24 0.2663587189217399
2 7 25 0.025793710441929463
2 8 1 0.11639650492413556
2 8 2 0.40928867269861746
2 8 4 0.31527292092042203
2 8 5 0.07991328666994402
2 8 6 0.16155416515794274
2 8 7 0.44750330303252417
2 8 8 0.3253818605368415
2 8 9 0.040118486184128166
2 8 10 0.11761683903840947
2 8 11 0.1767374609854201
2 8 12 0.33230614365065136
2 8 13 0.3925876972854454
2 8 14 0.11883475685782963
2 8 15 0.1260952311465876
2 8 16 0.16607327700699548
2 8 17 0.34583146497369344
2 8 18 0.13643327993461063
2 8 19 0.27347393391122166
2 8 20 0.2921628614456284
2 8 21 0.20706534835946944
2 8 22 0.22258040153153646
2 8 23 0.40959332666750714
2 8 24 0.4981342049288643
2 8 25 0.24517725224849374
2 9 1 0.2054286353019713
2 9 2 0.3872026755223409
2 9 3 0.48063297056317955
2 9 4 0.4084874145822279
2 9 6 0.29904785203593753
2 9 7 0.28348375008618765
2 9 8 0.27669410210550904
2 9 9 0.46749013983643506
2 9 11 0.1826579819437052
2 9 12 0.13684837990431464
2 9 13 0.2770821575458694
2 9 14 0.38031174027041426
2 9 15 0.4417977209453273
2 9 16 0.20061404050262277
2 9 17 0.17399461350468848
2 9 18 0.26034060114365354
2 9 19 0.49097570478357966
2 9 20 0.2851782005914555
2 9 21 0.08122241217728532
2 9 22 0.414264046421039
2 9 23 0.22286183466536102
2 9 24 0.4936605227731151
2 9 25 0.325906747685347
2 10 1 0.2142747146983779
2 10 2 0.02609970877564871
2 10 3 0.4128976008508197
2 10 4 0.25065970027701945
2 10 5 0.3681965357262881
2 10 6 0.32027637808860376
2 10 7 0.4083024858363652
2 10 8 0.21468740663369967
2 10 9 0.32982592543209943
2 10 10 0.3020851127957572
2 10 11 0.0030772146679532986
2 10 12 0.29783003573855305
2 10 13 0.2894369488821681
2 10 14 0.05323471996003459
2 10 16 0.459927124122095
2 10 17 0.14048551371047058
2 10 18 0.20693140204997795
2 10 19 0.36075298322428795
2 10 20 0.20907650943108513
2 10 21 0.12104031948123561
2 10 22 0.27822279247630544
2 11 1 0.15757905814597795
2 11 2 0.2561770999021944
2 11 3 0.29151856094843864
2 11 4 0.2834372617295855
2 11 5 0.20524382973240063
2 11 6 0.017313369553271563
2 11 7 0.42707524339807235
2 11 8 0.2574216426193373
2 11 9 0.11594477933030178
2 11 10 0.35238651736045157
2 11 11 0.32401199524992297
2 11 12 0.4527781161412513
2 11 13 0.3095625816253338
2 11 14 0.2683138929538428
2 11 15 0.3468250178873019
2 11 16 0.0865736784524479
2 11 17 0.4645176114919741
2 11 18 0.12783953002169446
2 11 19 0.12935973919977795
2 11 20 0.1330471779945923
2 11 21 0.33281378169054665
2 11 22 0.3304533221637347
2 11 23 0.28519040372345084
2 11 24 0.11466301261154688
2 11 25 0.1823827097242503
2 12 1 0.2819788668288431
2 12 2 0.19251227042253838
2 12 3 0.38481452487146417
2 12 4 0.4501573550783403
2 12 5 0.31647989101607277
2 12 6 0.23880276539815648
2 12 7 0.37615410976456387
2 12 8 0.44039511981099055
2 12 9 0.12698146634698804
2 12 10 0.2794568713150015
2 12 11 0.36123199631220004
2 12 12 0.40176249025042743
2 12 14 0.07686121855288486
2 12 15 0.24084338151188767
2 12 16 0.0914851409570051
2 12 17 0.13652343538737644
2 12 18 0.17155054050579133
2 12 19 0.2932356159228525
2 12 20 0.23806668267429643
2 12 22 0.303138510903604
2 12 23 0.3398824035249529
2 12 24 0.38676480382802225
2 12 25 0.16904098306942794
2 13 1 0.2520342598998495
2 13 2 0.16379409430274727
2 13 3 0.3848515129236061
2 13 4 0.24486100994735027
2 13 5 0.35821591746221493
2 13 6 0.43602323393363573
2 13 7 0.47984136676592215
2 13 8 0.3300377200594984
2 13 9 0.3803105344641622
2 13 10 0.4252249998521732
2 13 11 0.13364123803876404
2 13 12 0.28569965933539787
2 13 13 0.1638621762636726
2 13 14 0.45234562588890137
2 13 15 0.07302194823999897
2 13 16 0.36747308099342646
2 13 17 0.2582526236569457
2 13 18 0.2974839613032113
2 13 20 0.10082468532743072
2 13 21 0.10776700392528049
2 13 22 0.18715918507545692
2 13 23 0.11508789167327593
2 13 24 0.1624858181975709
2 13 25 0.02277380169742005
2 14 2 0.44045844372004417
2 14 3 0.18540839620967786
2 14 5 0.49451824077658246
2 14 6 0.15332800962657578
2 14 7 0.2123724498365296
2 14 8 0.3762792449472231
2 14 9 0.49706765918922813
2 14 10 0.2931936423518673
2 14 12 0.4149963307594856
2 14 13 0.05681054652463868
2 14 14 0.33595305798106434
2 14 15 0.12122986529947488
2 14 16 0.06393670192375467
2 14 17 0.44811880307971663
2 14 18 0.37344908243973085
2 14 19 0.16256234803396785
2 14 21 0.4361470399901267
2 14 22 0.10018122915227123
2 14 23 0.43617904454237033
2 14 24 0.35997524106269296
2 15 1 0.42830149601649714
2 15 2 0.4090331679980427
2 15 3 0.20728179228032917
2 15 4 0.14753334034871646
2 15 5 0.42351866294840623
2 15 6 0.08042311342543229
2 15 7 0.0200795030010692
2 15 8 0.07269149978053757
2 15 9 0.19899380536758748
2 15 10 0.34587109298159424
2 15 11 0.4473314147137152
2 15 12 0.3544676270124082
2 15 13 0.49085570398482115
2 15 14 0.4050288838396886
2 15 15 0.4246637568305085
2 15 16 0.44999867516109104
2 15 17 0.31835507716174816
2 15 18 0.04107999391631467
2 15 19 0.1774492744795796
2 15 20 0.15533962884166097
2 15 21 0.031165170212863247
2 15 22 0.14370363830105903
2 15 23 0.056716327173255365
2 15 24 0.15113365419002145
2 15 25 0.21437820792355466
2 16 1 0.14899997929662023
2 16 2 0.07455423650478243
2 16 3 0.442403933938299
2 16 5 0.21848948642278465
2 16 6 0.46516568925937496
2 16 7 0.146780275447432
2 16 8 0.47701786261022217
2 16 10 0.056647320324852646
2 16 11 0.31194883303120335
2 16 12 0.15616832594213603
2 16 13 0.15330384333650537
2 16 14 0.033528488866750306
2 16 15 0.06500634107759495
2 16 16 0.4036536533355166
2 16 17 0.4139980362299285
2 16 19 0.1739937423226311
2 16 20 0.39555607304533413
2 16 21 0.35788910976122146
2 16 22 0.126138868416808
2 16 23 0.4446584835432368
2 16 24 0.495044855520536
2 17 1 0.3639082576672108
2 17 2 0.07274432347660886
2 17 3 0.44848814832207373
2 17 4 0.20391241888768086
2 17 5 0.08323409824242267
2 17 6 0.3142190147537204
2 17 7 0.13452516624402722
2 17 8 0.28278092682799705
2 17 9 0.3242814949056263
2 17 10 0.12316249174243832
2 17 11 0.27360628291363875
2 17 12 0.4825554795484718
2 17 13 0.28231068601200493
2 17 14 0.057416969955211616
2 17 16 0.2000211835892719
2 17 17 0.49081299891855135
2 17 18 0.29812167458083505
2 17 20 0.040275057369413836
2 17 21 0.33186189405583255
2 17 22 0.3911689369666508
2 17 23 0.3635385261243005
2 17 24 0.46664606473381365
2 17 25 0.1778102300426767
2 18 1 0.38963795076670316
2 18 2 0.09769855537266026
2 18 3 0.14290461397261922
2 18 4 0.33953864945353307
2 18 5 0.025324938821344012
2 18 6 0.4602898160306922
2 18 7 0.31595342775704505
2 18 8 0.3298277926776022
2 18 9 0.13303299183776374
2 18 10 0.08863565648593863
2 18 11 0.2762395909400801
2 18 12 0.2826498892368552
2 18 13 0.09508122946381092
2 18 14 0.08513894381497167
2 18 15 0.24001490378678336
2 18 16 0.42980336822190013
2 18 17 0.21930239016804287
2 18 18 0.046688419667404224
2 18 19 0.12415798743924311
2 18 20 0.1369409119371391
2 18 22 0.0528425877835641
2 18 23 0.2055528927087118
2 18 24 0.25544555897285104
2 18 25 0.0477537023174226
2 19 1 0.14510032624708968
2 19 2 0.21698734824811416
2 19 3 0.20568847675315194
2 19 4 0.08421027762587707
2 19 5 0.47327409048296554
2 19 6 0.4194280614602256
2 19 7 0.2644797285591959
2 19 8 0.35719555491841926
2 19 9 0.3043719892405371
2 19 10 0.37124272038842665
2 19 11 0.3824762277875636
2 19 12 0.49754107139779435
2 19 13 0.31683941401166926
2 19 14 0.1261351969654041
2 19 15 0.10950574613040787
2 19 16 0.18585805017737556
2 19 17 0.36196750699108204
2 19 18 0.2394899855351641
2 19 19 0.36514609724226155
2 19 21 0.10257452260659627
2 19 22 0.4934902430743109
2 19 24 0.10629264368346636
2 19 25 0.1454381609069656
2 20 1 0.37346737357800563
2 20 2 0.17237294765998856
2 20 3 0.4525475368372106
2 20 4 0.18079916370582727
2 20 6 0.010175573426002837
2 20 7 0.2731062640380455
2 20 8 0.05760427985796435
2 20 9 0.23976239185725423
2 20 10 0.3394594620152884
2 20 11 0.34431272697168525
2 20 12 0.370603066931411
2 20 13 0.39048459693282134
2 20 14 0.39272496444358207
2 20 15 0.3546967858517144
2 20 16 0.36776643585608126
2 20 17 0.147965022916827
2 20 18 0.06691558988841673
2 20 20 0.040972171677054026
2 20 21 0.14248743729186875
2 20 22 0.037417495542991785
2 20 24 0.35190510546748777
2 20 25 0.43363689055991494
2 21 1 0.2677348932451805
2 21 2 0.37415259142218327
2 21 3 0.19265591465084453
2 21 4 0.43286152305599745
2 21 5 0.47051146797986587
2 21 6 0.22679408582338867
2 21 7 0.43661748319790283
2 21 8 0.3827993554514606
2 21 9 0.2476104317577824
2 21 10 0.07658006741050394
2 21 11 0.48000728223198297
2 21 12 0.06439039275221647
2 21 13 0.09570386353524585
2 21 14 0.08173213241309385
2 21 15 0.2307955606904073
2 21 16 0.07034673838841465
2 21 17 0.30507760609884416
2 21 18 0.2060805682710264
2 21 20 0.34927293536912607
2 21 21 0.041041814324921044
2 21 22 0.49725130193952094
2 21 23 0.18237329973339267
2 21 25 0.49745088150145145
2 22 1 0.15676835483314355
2 22 2 0.36250200794632503
2 22 4 0.18665830039267695
2 22 6 0.0547196993412713
2 22 7 0.40181011280050993
2 22 8 0.38299005617805426
2 22 9 0.026585591030887312
2 22 10 0.20425460729934775
2 22 11 0.33529220332997667
2 22 12 0.37185585970068313
2 22 13 0.07550606125637982
2 22 14 0.4098334567067742
2 22 15 0.19254610290249963
2 22 16 0.463031200328233
2 22 17 0.2987601421010243
2 22 18 0.24093111407453105
2 22 19 0.3175596905590645
2 22 20 0.14441118955219268
2 22 21 0.4959444770710537
2 22 22 0.3725947450922461
2 22 23 0.4553913221235135
2 22 24 0.06704461403892614
2 22 25 0.007551252790414353
2 23 1 0.08373571127420565
2 23 2 0.38401933367056795
2 23 4 0.30543507185079755
2 23 6 0.009883221214650906
2 23 8 0.24533078108609763
2 23 9 0.11558439018336086
2 23 10 0.3884492080072992
2 23 11 0.13713288697040482
2 23 13 0.42407912350472843
2 23 14 0.003815943062299265
2 23 15 0.13605964856517627
2 23 16 0.12485281769002166
2 23 17 0.39971810340360137
2 23 18 0.18428767941219326
2 23 19 0.10142055594124189
2 23 20 0.4848597382659965
2 23 21 0.055899075507294005
2 23 22 0.038062485166243665
2 23 23 0.36741931079701706
2 23 24 0.4767326168679271
2 23 25 0.013779648345892404
2 24 1 0.23293729703317456
2 24 2 0.05895594347940325
2 24 3 0.4603558609921662
2 24 4 0.3436491761140027
2 24 5 0.18792515811840715
2 24 6 0.03135783054637398
2 24 7 0.40937615099309443
2 24 9 0.10288979307055213
2 24 10 0.3546353376026161
2 24 11 0.4117846766842538
2 24 12 0.07860871512586731
2 24 13 0.07650882094682299
2 24 14 0.43325294232450173
2 24 15 0.24650689947560478
2 24 16 0.21295420796773323
2 24 17 0.4126638096463219
2 24 18 0.196384124241048
2 24 19 0.3140029157903157
2 24 20 0.05617197505600524
2 24 21 0.10505468704379961
2 24 22 0.1847782704039279
2 24 23 0.32509127727303666
2 24 24 0.4975297095175758
2 24 25 0.3359397494847385
2 25 1 0.45301505033597933
2 25 3 0.012062063569613368
2 25 4 0.021818914052963434
2 25 5 0.4445396950377579
2 25 6 0.16708808472732106
2 25 7 0.12115593856805917
2 25 8 0.4988737701642746
2 25 9 0.41668459716473805
2 25 10 0.3088519733364372
2 25 11 0.4933595671756035
2 25 12 0.4313853317854225
2 25 13 0.3939383619266954
2 25 14 0.22652016903887007
2 25 15 0.4388666436645312
2 25 16 0.426428596712499
2 25 17 0.19494491615558407
2 25 18 0.3233159330131873
2 25 19 0.029485880745917847
2 25 20 0.37183670750211684
2 25 21 0.3043151528341812
2 25 22 0.2832352413286532
2 25 23 0.3192294589696386
2 25 24 0.20479678273559843
2 25 25 0.26938789745562186
3 1 1 0.2837314396475755
3 1 2 0.11610884398001697
3 1 3 0.3554087633816898
3 1 6 0.33135452186289305
3 1 7 0.0433722471031176
3 1 8 0.3540777674788782
3 1 9 0.41557364658820395
3 1 10 0.07464044052453311
3 1 11 0.3972082254717104
3 1 12 0.0753440231832051
3 1 13 0.36189498606923753
3 1 14 0.23457408129104296
3 1 15 0.35959466365171244
3 1 17 0.00278106104711906
3 1 18 0.08200629256578229
3 1 19 0.02956043501107264
3 1 20 0.4848256947152777
3 1 21 0.3365263221118392
3 1 22 0.1612138158754819
3 1 23 0.19734105451565775
3 1 24 0.1571143790321775
3 1 25 0.4863511953520405
3 2 1 0.06570962773852573
3 2 2 0.34829771452499203
3 2 3 0.10396373490703503
3 2 4 0.40783965098258756
3 2 5 0.45401826518533817
3 2 6 0.4935889464606378
3 2 7 0.4131744010216615
3 2 8 0.12519359165015131
3 2 9 0.05011373834619848
3 2 10 0.1568449248262903
3 2 11 0.42616313381876625
3 2 12 0.4888551249971823
3 2 13 0.14902478376655126
3 2 14 0.18236442056099067
3 2 15 0.2987305471660888
3 2 16 0.02533840193495529
3 2 17 0.32174044192516793
3 2 18 0.10507224491911116
3 2 19 0.31900372684740985
3 2 20 0.3980565587124819
3 2 21 0.3444027332337931
3 2 22 0.19270009126625542
3 2 23 0.38140136926481427
3 2 24 0.03215956019684485
3 2 25 0.4385869269492788
3 3 1 0.2851254763622212
3 3 2 0.22522200797727232
3 3 3 0.41706201427801703
3 3 4 0.3200853322426238
3 3 5 0.43169444780791955
3 3 6 0.011541809539366121
3 3 7 0.36947624605836427
3 3 8 0.02382526248370387
3 3 9 0.12018819883085119
3 3 13 0.14695301684168938
3 3 14 0.062063005887843636
3 3 15 0.004764516447384626
3 3 16 0.3098498200713202
3 3 17 0.15879442775121666
3 3 18 0.014644377620345983
3 3 19 0.14339280600461257
3 3 21 0.08396350450195811
3 3 22 0.14932838516142954
3 3 23 0.27789509943139046
3 3 24 0.1705047318013505
3 3 25 0.001980100961779363
3 4 1 0.146890338883495
3 4 3 0.45692193108348034
3 4 5 0.14019297539228248
3 4 6 0.38437812750635636
3 4 7 0.01602786639033582
3 4 8 0.215599612310998
3 4 9 0.30709352240938226
3 4 11 0.16307469799940977
3 4 12 0.2633351589457248
3 4 13 0.1602726584352463
3 4 14 0.09429601822371203
3 4 16 0.31116518416900296
3 4 17 0.45598492899599097
3 4 18 0.0647835118964396
3 4 20 0.2858123087997497
3 4 21 0.09517956211838696
3 4 22 0.21008887996884618
3 4 23 0.15899674100883532
3 4 24 0.00680679032533571
3 5 1 0.39402917441914387
3 5 2 0.21145338870036656
3 5 3 0.47075720380825636
3 5 5 0.0060797214161839586
3 5 6 0.11759580563842154
3 5 7 0.33100415502066205
3 5 8 0.3593211149842991
3 5 9 0.396650911917223
3 5 10 0.02166663000819491
3 5 11 0.42969007248952396
3 5 12 0.43998716956249984
3 5 13 0.09738834333272373
3 5 14 0.31073180280259327
3 5 15 0.24053815321200755
3 5 16 0.30611533014436676
3 5 17 0.22409641542972292
3 5 18 0.22046389220146523
3 5 19 0.488617047057867
3 5 20 0.3731125425137837
3 5 21 0.039241864563781204
3 5 22 0.3933585028946429
3 5 23 0.45331889062383246
3 5 24 0.127029548003726
3 5 25 0.29571064901599786
3 6 2 0.19352259011794215
3 6 3 0.20460291619681148
3 6 4 0.37990255677432694
3 6 5 0.1269616573863369
3 6 6 0.447997013127423
3 6 8 0.08128426106184439
3 6 9 0.2219634167810577
3 6 10 0.27972969879020504
3 6 11 0.131520729905923
3 6 13 0.12155602995740622
3 6 14 0.04441764842819185
3 6 15 0.1967550507138104
3 6 17 0.20494712505104018
3 6 18 0.4288489490643974
3 6 19 0.35247273752627484
3 6 21 0.30298812635250394
3 6 22 0.14849989506265016
3 6 23 0.1308344621136368
3 6 24 0.08717774998328431
3 6 25 0.2491570172304266
3 7 2 0.3378860733749771
3 7 3 0.285095202765111
3 7 4 0.03835188008436585
3 7 7 0.48823216145817927
3 7 8 0.33975856212664923
3 7 9 0.08842722877213649
3 7 10 0.4470534408373028
3 7 11 0.08026570850588322
3 7 12 0.38154187224724667
3 7 13 0.04666941239676581
3 7 14 0.08272230138073866
3 7 15 0.28311299038155424
3 7 16 0.3959387150417708
3 7 17 0.397506112039143
3 7 18 0.23321822128279912
3 7 19 0.4274066206720145
3 7 20 0.39106337883984965
3 7 21 0.4686357019740508
3 7 22 0.392268075385684
3 7 23 0.26441699656017215
3 7 24 0.33332721465348647
3 7 25 0.2225958852575275
3 8 1 0.3224490773860419
3 8 2 0.19255958336599
3 8 3 0.283729287523098
3 8 5 0.27893726294729226
3 8 6 0.3586888440738252
3 8 8 0.20225110215563025
3 8 9 0.11468815828864987
3 8 10 0.01054526894920138
3 8 11 0.23511785974720245
3 8 12 0.025786865118191837
3 8 13 0.10406994260353897
3 8 15 0.39183458939947713
3 8 16 0.4566210882218811
3 8 17 0.07223642423112575
3 8 18 0.3054431801290759
3 8 19 0.16182024653611526
3 8 20 0.3024269806599782
3 8 21 0.042030347858416195
3 8 22 0.05498984152113018
3 8 23 0.24664473621142335
3 8 24 0.21597677528520198
3 8 25 0.17889971570333119
3 9 1 0.4282704298199985
3 9 2 0.42366199002832194
3 9 3 0.40091609280882035
3 9 4 0.4227537870241417
3 9 5 0.21850664820988897
3 9 6 0.4794531830794979
3 9 7 0.16613335391252915
3 9 8 0.24974364189614306
3 9 9 0.18081937025372086
3 9 10 0.27979956045367016
3 9 11 0.19692032873636922
3 9 12 0.08666353191033416
3 9 15 0.06389350834781826
3 9 16 0.32018847217356616
3 9 17 0.11068861751277348
3 9 18 0.28685265119335257
3 9 19 0.11003871057082937
3 9 20 0.17694384204915958
3 9 21 0.09154650284137478
3 9 22 0.03198425677621053
3 9 23 0.2103310814108188
3 9 24 0.010889826900702282
3 9 25 0.48649263281198385
3 10 1 0.02153245610098764
3 10 2 0.42306406560232057
3 10 3 0.1203685257844912
3 10 4 0.3135419378060965
3 10 5 0.2631339254926267
3 10 6 0.08127352895103979
3 10 7 0.3752109228564231
3 10 8 0.4725888233268092
3 10 9 0.29165491274428
3 10 10 0.4891137145285249
3 10 11 0.2818148679805863
3 10 12 0.009716648954545049
3 10 13 0.29305102375324754
3 10 14 0.3746789520298558
3 10 15 0.3220901719083966
3 10 16 0.2741986871291705
3 10 17 0.21889466596756746
3 10 19 0.17765373955076613
3 10 20 0.12941603178545713
3 10 22 0.4511610269875431
3 10 23 0.23893007846410674
3 10 24 0.1324077715918045
3 10 25 0.02865027007360088
3 11 1 0.4991267924603573
3 11 2 0.29657869282159965
3 11 3 0.27365477178974873
3 11 4 0.15534910029942017
3 11 5 0.2905359260024072
3 11 6 0.3900470860326649
3 11 7 0.0606018836528055
3 11 8 0.3878353692141965
3 11 9 0.05998441556077083
3 11 10 0.34419834581801834
3 11 11 0.24009620772193008
3 11 12 0.19391708958411635
3 11 13 0.09836609397270202
3 11 14 0.14978314057299602
3 11 15 0.27623520844500216
3 11 16 0.04000354964541464
3 11 17 0.49296138715671267
3 11 19 0.24711531375749685
3 11 20 0.2911955340845114
3 11 21 0.17998110430665937
3 11 22 0.43741679259814314
3 11 23 0.09420183049911768
3 11 24 0.24657514909501854
3 12 1 0.13780275007859533
3 12 2 0.0239280262707936
3 12 3 0.10043701360462554
3 12 4 0.21829733407816498
3 12 5 0.08247626224545579
3 12 6 0.003410506657496093
3 12 7 0.4474876400757467
3 12 8 0.343987128173755
3 12 10 0.4995610147904521
3 12 11 0.18572589087650038
3 12 12 0.005248836803995793
3 12 13 0.051636953570448396
3 12 14 0.41234956564762804
3 12 15 0.4442365498829096
3 12 16 0.19336439310435805
3 12 18 0.1536292212486654
3 12 19 0.2620445023081823
3 12 20 0.46425383011131705
3 12 23 0.32841159326111735
3 12 24 0.03592227150947569
3 12 25 0.20562364535207678
3 13 1 0.14108399385834325
3 13 2 0.24491992950228358
3 13 3 0.11115151320635808
3 13 4 0.338925142505469
3 13 5 0.21611373503036047
3 13 8 0.32161262610890284
3 13 9 0.2221728894326812
3 13 10 0.25370959154410466
3 13 11 0.012258782260613277
3 13 12 0.1323611780651719
3 13 13 0.05641166238003714
3 13 14 0.20863498074587405
3 13 15 0.16467497040813905
3 13 16 0.08109184534119274
3 13 17 0.3140776845707359
3 13 18 0.2522950135640608
3 13 19 0.05043442921879937
3 13 20 0.3638240132019547
3 13 21 0.02138739959433178
3 13 22 0.3775569844183597
3 13 23 0.2159653122780376
3 13 24 0.3448720891581428
3 13 25 0.3462400027707785
3 14 1 0.27903810667239703
3 14 2 0.4555576159433177
3 14 3 0.39793477779560504
3 14 4 0.02831489488627037
3 14 5 0.018364434002803187
3 14 6 0.4058746912327196
3 14 7 0.09817314789458365
3 14 8 0.18856576260010294
3 14 9 0.03194597237981589
3 14 10 0.05606959165459868
3 14 11 0.21852147066231165
3 14 12 0.11714904353499855
3 14 13 0.4104101653965573
3 14 14 0.03023735855189802
3 14 15 0.15231208750624226
3 14 16 0.2242094215842535
3 14 17 0.21827587864910103
3 14 18 0.3291063500665803
3 14 19 0.13914627668871604
3 14 20 0.22592822663592116
3 14 21 0.3615000401588182
3 14 22 0.38850475615179547
3 14 23 0.4829906228013773
3 14 24 0.11156769653333387
3 14 25 0.36314107506889826
3 15 1 0.060151949466864196
3 15 2 0.24662330963848667
3 15 4 0.4660433120862856
3 15 5 0.49493568895104345
3 15 6 0.22359898529162825
3 15 7 0.0367455953268816
3 15 8 0.3104225758853558
3 15 9 0.3999055191983414
3 15 10 0.407324320404014
3 15 11 0.22877368085250593
3 15 12 0.34275539025738033
3 15 13 0.11080846085397089
3 15 14 0.2791422507495753
3 15 15 0.31910335301454196
3 15 16 0.07166000023785979
3 15 17 0.4090306292265251
3 15 18 0.16683050018509293
3 15 19 0.35067570712753116
3 15 20 0.13338762518133584
3 15 21 0.48619629909036
3 15 22 0.411945344761244
3 15 23 0.292712980450464
3 15 24 0.028387767363245442
3 15 25 0.3490205820223553
3 16 1 0.00935029134685983
3 16 2 0.2686374140678337
3 16 3 0.03538734625060891
3 16 4 0.010834131547676984
3 16 6 0.25496381597723683
3 16 8 0.3511732415180786
3 16 9 0.1371697107858153
3 16 10 0.0013114807681788854
3 16 11 0.0802711784334087
3 16 12 0.34422600854178054
3 16 13 0.2563164548353787
3 16 14 0.36323000073548983
3 16 16 0.04423422866479021
3 16 17 0.08875401167551422
3 16 18 0.18332344796138267
3 16 19 0.36377136827789924
3 16 20 0.46287368915882665
3 16 21 0.39767190598155067
3 16 22 0.49249618645488913
3 16 23 0.3907103220516356
3 16 24 0.30913850057216075
3 16 25 0.13139741068667155
3 17 1 0.19784363372540248
3 17 2 0.4572483666187931
3 17 3 0.3791160521195007
3 17 4 0.21251263573169565
3 17 5 0.4280221721959434
3 17 6 0.337736744610887
3 17 8 0.13606071788744056
3 17 9 0.31766383418892097
3 17 11 0.2205177153281862
3 17 12 0.4347064223154584
3 17 13 0.3023473662101581
3 17 14 0.4100137657111558
3 17 15 0.3322000583790262
3 17 16 0.37371804130218567
3 17 17 0.36279576729723506
3 17 18 0.2928708824196682
3 17 19 0.33694524864518505
3 17 20 0.4929303826056075
3 17 21 0.3305282144242023
3 17 22 0.12043699164426447
3 17 23 0.03512578989331894
3 17 24 0.06639715381430755
3 17 25 0.42235175289754756
3 18 1 0.2272191865368064
3 18 2 0.1574597065548592
3 18 3 0.14585257568542442
3 18 4 0.13793549337271205
3 18 5 0.08600719679107238
3 18 6 0.0012423057144574923
3 18 7 0.10365761431144549
3 18 8 0.46649167788196344
3 18 9 0.3198779876229456
3 18 10 0.4980468969540659
3 18 12 0.34639969208776955
3 18 13 0.09064996017820581
3 18 14 0.2191930967215766
3 18 15 0.2764299550977072
3 18 16 0.4385706856727726
3 18 17 0.05606005195605346
3 18 18 0.179565968519927
3 18 19 0.0014800843989634105
3 18 20 0.4391189699418726
3 18 21 0.056518449261481196
3 18 22 0.14191266473315967
3 18 23 0.31527022186593434
3 18 24 0.2039899342184297
3 18 25 0.09659571571611614
3 19 1 0.20032248543886155
3 19 2 0.35909385449058506
3 19 3 0.1507954367282337
3 19 4 0.3279301066079634
3 19 5 0.38174326156184546
3 19 6 0.28538055074140567
3 19 7 0.20258032458530506
3 19 8 0.18403050468008386
3 19 9 0.37683842753496366
3 19 10 0.2998312920973869
3 19 11 0.15192383036092105
3 19 12 0.13958668766819926
3 19 13 0.3207178083369723
3 19 14 0.41378951483670245
3 19 15 0.22749564585507676
3 19 17 0.18875134902273372
3 19 18 0.4215265324703955
3 19 19 0.43349448750645214
3 19 20 0.3526290904665662
3 19 21 0.3391126770493951
3 19 22 0.39353621467633326
3 19 23 0.13517954740586935
3 19 24 0.16762151803712022
3 19 25 0.43971622603369287
3 20 1 0.38925680058598244
3 20 4 0.12199829926333283
3 20 7 0.49449943248932493
3 20 8 0.19309251100451064
3 20 11 0.1900906865079668
3 20 12 0.25768804905979337
3 20 13 0.21787889366414703
3 20 14 0.25972102861864965
3 20 16 0.3671851341260325
3 20 17 0.0345650294310641
3 20 19 0.01697648232193749
3 20 20 0.18859622543445176
3 20 21 0.09820518872015327
3 20 22 0.19551920138787293
3 20 24 0.15861338064207076
3 20 25 0.2824774804572022
3 21 1 0.007263593413229241
3 21 2 0.3639741403245784
3 21 3 0.4882787006976611
3 21 4 0.26559659272840375
3 21 5 0.015691767148618307
3 21 6 0.1756399588303027
3 21 7 0.36653737368893624
3 21 8 0.48075523765192285
3 21 9 0.05499523191625422
3 21 10 0.18787914214687462
3 21 11 0.06695238883946475
3 21 12 0.3071480098582986
3 21 13 0.08386265075505295
3 21 14 0.15497977013720543
3 21 15 0.013466576534403418
3 21 16 0.3301514783908044
3 21 17 0.10064363416348421
3 21 18 0.27111805918858023
3 21 19 0.03623522397047774
3 21 20 0.17839594793300273
3 21 21 0.1285243396801763
3 21 23 0.2995502550050868
3 21 24 0.34891417949762815
3 21 25 0.12936099465384088
3 22 1 0.12392789164082774
3 22 2 0.23322229222406465
3 22 3 0.49348069939059436
3 22 4 0.08750979257136293
3 22 5 0.15996739178397734
3 22 6 0.29908391580444604
3 22 7 0.06152789905709988
3 22 8 0.4525083971104479
3 22 9 0.25865513320062017
3 22 11 0.41146064699372276
3 22 12 0.016105076333474688
3 22 14 0.026590700536821554
3 22 15 0.21357263829225603
3 22 16 0.27618460912374154
3 22 17 0.38142968294784274
3 22 18 0.1630852947153768
3 22 19 0.01541619304912889
3 22 20 0.3608468186675753
3 22 21 0.37168034884617007
3 22 22 0.08575993186356612
3 22 23 0.1671334265758908
3 22 25 0.31878183659675174
3 23 1 0.039855250777041995
3 23 2 0.2097341955013392
3 23 3 0.4608236135851126
3 23 4 0.349168515798968
3 23 5 0.2809757730485787
3 23 6 0.08003352078271686
3 23 7 0.01861977016992422
3 23 8 0.05479228711794848
3 23 9 0.2813669846419331
3 23 10 0.07039388896169729
3 23 11 0.3245265345785219
3 23 12 0.3478505279538031
3 23 13 0.29043070660761683
3 23 14 0.4127725865133698
3 23 15 0.3593621164050692
3 23 17 0.1927134940300551
3 23 18 0.07684590522179813
3 23 19 0.48816763660089724
3 23 20 0.09095655854353857
3 23 21 0.4367504065513218
3 23 22 0.07381076978439804
3 23 23 0.048549510482738145
3 23 25 0.42938459847928
3 24 2 0.4911404670980961
3 24 4 0.38799929419439927
3 24 5 0.023080780387172095
3 24 6 0.021849003173783466
3 24 7 0.2912364863146031
3 24 8 0.3221612411880661
3 24 11 0.4150671940266556
3 24 12 0.40459302421275356
3 24 13 0.3405250644568991
3 24 14 0.16129332564039456
3 24 15 0.1477960353578851
3 24 17 0.346807681227564
3 24 18 0.09563434539134152
3 24 19 0.0019337361431344124
3 24 21 0.47504369316291706
3 24 22 0.011033982600133552
3 24 23 0.1582725345108753
3 24 24 0.17679783260900228
3 24 25 0.3167177368218901
3 25 1 0.4866363874762828
3 25 2 0.35762548576579367
3 25 3 0.4750026305873878
3 25 4 0.08512174089684943
3 25 5 0.46660377020215293
3 25 6 0.48241179495468056
3 25 7 0.2311600582525989
3 25 8 0.4040673410266996
3 25 9 0.15956614909445577
3 25 10 0.03132751842973125
3 25 11 0.16283199674079962
3 25 12 0.26972180004170354
3 25 13 0.32689083491200355
3 25 14 0.14636012653824915
3 25 15 0.13964817005146235
3 25 16 0.29240373638918904
3 25 17 0.47505969665637404
3 25 18 0.2913643590216821
3 25 19 0.30055401478231314
3 25 20 0.24788690858433182
3 25 21 0.46326919169613046
3 25 23 0.1264458176690072
3 25 24 0.2355783342534864
3 25 25 0.45482896405598894
4 1 1 0.42273801637264474
4 1 3 0.014541134919649035
4 1 4 0.40462859982625976
4 1 5 0.25979885078043563
4 1 6 0.25415027275588475
4 1 7 0.32054576818937597
4 1 8 0.2226352421791531
4 1 9 0.006420791096778178
4 1 10 0.45350492013259025
4 1 11 0.10058547875207335
4 1 12 0.1270968698255508
4 1 13 0.20367928533709634
4 1 14 0.42276732625557656
4 1 15 0.039098027787413225
4 1 16 0.33146528356076177
4 1 17 0.25403066648148764
4 1 18 0.20445892743215
4 1 19 0.12033750415367028
4 1 20 0.0806994063780806
4 1 21 0.45935348492528993
4 1 22 0.15715980596277035
4 1 23 0.17265086989322642
4 1 24 0.01827891293917594
4 1 25 0.4300156829833426
4 2 1 0.24210947321058118
4 2 3 0.2653788796375175
4 2 4 0.41781596906012897
4 2 5 0.05116785914331912
4 2 6 0.3762507787997865
4 2 8 0.1174686669030659
4 2 9 0.12195374387831581
4 2 10 0.02360769553909059
4 2 11 0.37610857764886685
4 2 12 0.3629375237955298
4 2 13 0.23828050218137042
4 2 14 0.28113578542856965
4 2 15 0.07848871934395751
4 2 16 0.16464725051532447
4 2 17 0.06261016893686067
4 2 18 0.4211934912186257
4 2 19 0.43234606147894417
4 2 20 0.23504535973491847
4 2 21 0.03425253105909354
4 2 22 0.14886661703913862
4 2 23 0.2968043953360372
4 2 24 0.29516581665276176
4 2 25 0.16908766919567708
4 3 1 0.24506985983124352
4 3 2 0.11000345879801343
4 3 3 0.27709614100866575
4 3 6 0.3545069299921272
4 3 7 0.04173438748513536
4 3 8 0.30682351933556695
4 3 9 0.03212196325356054
4 3 10 0.08758841192558686
4 3 11 0.059566290509828645
4 3 12 0.15584955178190274
4 3 13 0.43333144211773333
4 3 14 0.3212116940991797
4 3 15 0.4546140466407834
4 3 16 0.06278249775386224
4 3 17 0.37625973606460006
4 3 18 0.08431466094142437
4 3 19 0.30628172972844026
4 3 20 0.06001680509088336
4 3 21 0.035703190773125115
4 3 22 0.12864754609873608
4 3 23 0.30576857302870786
4 3 24 0.451861003064168
4 3 25 0.3507696001912429
4 4 3 0.28028494526910275
4 4 4 0.23275817515190256
4 4 5 0.273899719037908
4 4 6 0.43990031784874717
4 4 7 0.11608612659167705
4 4 8 0.42424381026956337
4 4 9 0.3403190449261062
4 4 10 0.04372487835755745
4 4 11 0.02315139092959162
4 4 12 0.25164208487450856
4 4 13 0.3352572795078975
4 4 14 0.2919303543064379
4 4 15 0.4675523074147687
4 4 16 0.12359302913360115
4 4 17 0.40459234019408674
4 4 18 0.16811032501628886
4 4 19 0.029556816573164113
4 4 20 0.45653211886113265
4 4 21 0.183366076451289
4 4 23 0.2687091480520736
4 4 24 0.458840698009209
4 4 25 0.37530100235445374
4 5 1 0.2598676368566418
4 5 2 0.3555204154304702
4 5 3 0.3206531706603958
4 5 4 0.24884085558692048
4 5 5 0.34271699788069443
4 5 6 0.20788829993297175
4 5 7 0.251091849760423
4 5 8 0.4650447507323344
4 5 9 0.04392563309639985
4 5 10 0.4481376665819403
4 5 11 0.17458365778253737
4 5 12 0.3252934271793244
4 5 14 0.22793827255377885
4 5 15 0.0011944348528249993
4 5 16 0.16850282112619386
4 5 18 0.09579269127067291
4 5 19 0.29783605243102573
4 5 20 0.20899122951466897
4 5 21 0.4297524530414417
4 5 23 0.4801371087300881
4 5 24 0.017791482059574593
4 5 25 0.45603787521781325
4 6 2 0.03559562564613161
4 6 3 0.34067464944141823
4 6 4 0.45242203848288787
4 6 5 0.4957866423067062
4 6 6 0.4777300225341826
4 6 7 0.3675763040633505
4 6 8 0.33068578273102456
4 6 9 0.10686258778619129
4 6 10 0.4226496487909389
4 6 11 0.013272907638653741
4 6 12 0.4257464953110468
4 6 13 0.4444029072493476
4 6 14 0.4036367153018975
4 6 15 0.2891105331049457
4 6 16 0.16396803228172474
4 6 17 0.054058272277110686
4 6 18 0.4587507214394141
4 6 19 0.038443036278406284
4 6 20 0.47587230114611745
4 6 21 0.12309905727634496
4 6 22 0.3306983657147523
4 6 23 0.06554681561734588
4 6 24 0.12692382620377485
4 7 1 0.2712134051545123
4 7 2 0.03932304174285528
4 7 3 0.2483605536125244
4 7 4 0.27691533010518865
4 7 7 0.32176456498176764
4 7 8 0.16788510424224634
4 7 9 0.24837397907781555
4 7 10 0.15314269032124317
4 7 11 0.292087640075986
4 7 12 0.3454210970219168
4 7 13 0.17636390024660054
4 7 14 0.27679336922568987
4 7 15 0.1659503724616621
4 7 16 0.3738173288589184
4 7 17 0.16188089856059995
4 7 18 0.3952066816158145
4 7 19 0.19011682886251324
4 7 21 0.4277592357997986
4 7 22 0.09812196591378874
4 7 23 0.0069209887787640145
4 7 24 0.46946725286355484
4 7 25 0.021177673794351426
4 8 1 0.09106745723858312
4 8 3 0.264279847625116
4 8 4 0.14226013867877574
4 8 5 0.41645028532992245
4 8 6 0.25122273446754717
4 8 7 0.4319114742727963
4 8 8 0.04029483962230773
4 8 9 0.32350471722262
4 8 10 0.48230541379789815
4 8 11 0.22928187297793767
4 8 12 0.18493883058712512
4 8 13 0.052812333516987664
4 8 14 0.30163122538842146
4 8 15 0.18517730121029763
4 8 16 0.39444096333459466
4 8 17 0.10483633148785632
4 8 18 0.1867317431004859
4 8 19 0.43393164429908404
4 8 20 0.1753832422515249
4 8 21 0.3028756256591707
4 8 22 0.15414305601934708
4 8 23 0.40675313776407185
4 8 24 0.07516122629009359
4 8 25 0.34110960676795343
4 9 1 0.035662775239968414
4 9 2 0.44044308128385834
4 9 3 0.3127333478289115
4 9 4 0.3718156567866633
4 9 5 0.10521427328734922
4 9 6 0.45257369822832394
4 9 7 0.28415192872619477
4 9 8 0.023816481253552735
4 9 9 0.1910644098223201
4 9 10 0.47983046576875976
4 9 11 0.29399253259961733
4 9 12 0.20546871701994374
4 9 13 0.22417777877040024
4 9 14 0.29088665460611873
4 9 15 0.2978840174557066
4 9 16 0.19236528929351115
4 9 17 0.33485022710138146
4 9 18 0.4793078723153147
4 9 19 0.4834610062484668
4 9 20 0.09600758478634852
4 9 22 0.4335686780804854
4 9 23 0.3788986822548246
4 9 24 0.3773457529246378
4 9 25 0.4142708295634211
4 10 1 0.37572875891501456
4 10 2 0.3525300973135741
4 10 3 0.47020880355686945
4 10 4 0.41352597155432724
4 10 5 0.25389501718363516
4 10 6 0.28256144735779043
4 10 7 0.21575149986472142
4 10 8 0.062249810524709015
4 10 9 0.029124526478944146
4 10 10 0.04693640299345403
4 10 11 0.4842837427000619
4 10 12 0.24403085774626676
4 10 13 0.13836202673417053
4 10 14 0.22028174334830997
4 10 15 0.19808382236030597
4 10 16 0.2304074664791309
4 10 17 0.3267213420365829
4 10 18 0.19360939488657303
4 10 19 0.1345466747568531
4 10 20 0.49202044923578436
4 10 21 0.28185923199121155
4 10 22 0.1514791360268427
4 10 23 0.0057042633077108995
4 10 24 0.19655223939278277
4 10 25 0.3243449636535568
4 11 1 0.43210576450333593
4 11 2 0.002588958946662556
4 11 3 0.1913372105672978
4 11 4 0.46519495431759905
4 11 5 0.47063106241291897
4 11 6 0.07009616015972964
4 11 7 0.002566959699591309
4 11 8 0.0489998182824406
4 11 9 0.1330467277424815
4 11 10 0.27751059682471346
4 11 11 0.00817239230309419
4 11 12 0.10067954336259166
4 11 13 0.1999179871359491
4 11 14 0.046920829539811804
4 11 15 0.47987894909078743
4 11 16 0.11363840686919935
4 11 17 0.48110032984625295
4 11 18 0.17184134415529984
4 11 20 0.1676243652971734
4 11 21 0.20876925128956825
4 11 23 0.438329779022672
4 11 24 0.17841348474654783
4 11 25 0.08399096422050656
4 12 1 0.1331476564361478
4 12 3 0.2443625789658902
4 12 4 0.22931863563906696
4 12 5 0.24995147064581202
4 12 6 0.2458932039410675
4 12 7 0.21482451176008088
4 12 8 0.2067386106945135
4 12 9 0.011134949548119666
4 12 10 0.1398702535394536
4 12 11 0.07864661698208375
4 12 12 0.0036156465948848915
4 12 13 0.4976258320489356
4 12 14 0.22578740495521765
4 12 15 0.2341499924230528
4 12 16 0.28709815110901926
4 12 17 0.22569242358508457
4 12 18 0.2536918495883437
4 12 19 0.4495057492999558
4 12 20 0.05837880865037359
4 12 21 0.03605575096891067
4 12 22 0.2208053971439793
4 12 23 0.4710794691087328
4 12 24 0.16079228471361873
4 12 25 0.21115404461516685
4 13 1 0.2950058384568305
4 13 2 0.3773124421508032
4 13 4 0.37280812464498636
4 13 5 0.11880092968908529
4 13 6 0.1270023146126531
4 13 7 0.05946637019173051
4 13 8 0.48283892608775136
4 13 9 0.32346359475128506
4 13 10 0.3758928305783239
4 13 11 0.37531816537060303
4 13 12 0.3488632055356713
4 13 14 0.06650357988381639
4 13 15 0.19403155868539357
4 13 16 0.3642394018860785
4 13 17 0.3685517726131171
4 13 18 0.3738239807530742
4 13 19 0.17984711402923437
4 13 21 0.14176708636641888
4 13 22 0.4568285245655378
4 13 23 0.1845952500252137
4 13 24 0.0017133892985802257
4 13 25 0.04724882423545773
4 14 1 0.34319891211150455
4 14 2 0.25367727309745847
4 14 3 0.1845536641313884
4 14 4 0.4248239057868882
4 14 5 0.149106773709066
4 14 7 0.28474741713113927
4 14 8 0.2244132135463791
4 14 10 0.44383234327620746
4 14 11 0.2777786775978931
4 14 12 0.16130689502640716
4 14 13 0.26382798513892347
4 14 14 0.23190122277989444
4 14 15 0.42389366088620617
4 14 16 0.4595639560044098
4 14 17 0.3694652951712525
4 14 18 0.25872944469049397
4 14 19 0.40207929222246486
4 14 20 0.15637721283423967
4 14 22 0.10222726225634726
4 14 23 0.2533550362470326
4 14 24 0.4374079488449094
4 14 25 0.48453818769458756
4 15 1 0.3240321555123715
4 15 4 0.4790671453996731
4 15 5 0.25820087435773087
4 15 6 0.17519483260833124
4 15 7 0.24065013104734112
4 15 8 0.012764732040984161
4 15 10 0.3615325585254118
4 15 11 0.02903459946430842
4 15 12 0.05188995227289095
4 15 13 0.26794158228079357
4 15 14 0.15742855544391643
4 15 15 0.277178814590588
4 15 16 0.1886614770063889
4 15 17 0.16305004018862568
4 15 18 0.06518929426349951
4 15 19 0.3358903344928009
4 15 20 0.11395856705824248
4 15 21 0.3581876970861494
4 15 22 0.14024717097858386
4 15 23 0.2425988678284301
4 15 24 0.07335149412332531
4 15 25 0.15162004179000632
4 16 1 0.1267605710128653
4 16 3 0.016715320850665405
4 16 4 0.3628377257740216
4 16 5 0.36875525955609356
4 16 6 0.023847714206560844
4 16 7 0.10731737420284149
4 16 8 0.11607109698277784
4 16 9 0.3572925982548787
4 16 10 0.18833075995892223
4 16 11 0.23214086991832983
4 16 12 0.41548081524255853
4 16 13 0.1502119766647707
4 16 14 0.4169570211804927
4 16 15 0.37315733470141865
4 16 16 0.23838170353623833
4 16 17 0.21609431782397304
4 16 18 0.039283206328651676
4 16 19 0.17442977963292905
4 16 20 0.2138743552083261
4 16 21 0.4280428570382966
4 16 22 0.4740358493567841
4 16 23 0.3845018640881086
4 16 24 0.37806819890521204
4 16 25 0.04776982860440737
4 17 1 0.09501004812971525
4 17 2 0.22850564414800523
4 17 3 0.2789024055973439
4 17 4 0.24506529696250257
4 17 5 0.2840948268821606
4 17 6 0.4657974277712207
4 17 7 0.43650205013900567
4 17 8 0.24455878122286612
4 17 9 0.42280448600475706
4 17 10 0.12910230610476991
4 17 11 0.09026807827236982
4 17 12 0.036936347104080225
4 17 13 0.2252552532078964
4 17 14 0.19026054604899056
4 17 16 0.3378182775701888
4 17 17 0.010912425065694564
4 17 18 0.09203547946633228
4 17 19 0.38675975369165905
4 17 21 0.03190190457256559
4 17 23 0.26915387891018105
4 17 24 0.21320437729519337
4 17 25 0.22878305374709496
4 18 1 0.09548070344278314
4 18 2 0.044785998559429774
4 18 3 0.1155364906884947
4 18 4 0.36262848997460195
4 18 7 0.3967341910791373
4 18 8 0.48947040795981955
4 18 9 0.22187524273047998
4 18 10 0.23036814665917116
4 18 11 0.04552403564186014
4 18 13 0.48528724984352056
4 18 14 0.046739197217754436
4 18 15 0.1819031828791836
4 18 17 0.272851863535746
4 18 18 0.41474245092698736
4 18 19 0.09111811027692851
4 18 22 0.184021620046248
4 18 24 0.20908296678713434
4 18 25 0.2789140977337363
4 19 1 0.12387455204401265
4 19 2 0.026760615299140977
4 19 3 0.09170423717862897
4 19 4 0.12184463779145727
4 19 5 0.13703588168974612
4 19 6 0.13734375609108795
4 19 8 0.09410120637612696
4 19 9 0.027097427863514212
4 19 12 0.08255682157113498
4 19 13 0.3728600356533779
4 19 14 0.4373990232031887
4 19 15 0.1835721018132448
4 19 17 0.34291986164049626
4 19 18 0.337655613476337
4 19 19 0.32365670138057046
4 19 21 0.2903106982686954
4 19 22 0.2807247375269776
4 19 23 0.28499806475675604
4 19 24 0.4610788326149806
4 19 25 0.1838771500915518
4 20 1 0.35319624292462726
4 20 2 0.41156858714681976
4 20 4 0.06526284500247559
4 20 5 0.2944808664671459
4 20 6 0.1423026035858449
4 20 8 0.19839161788521942
4 20 9 0.3321803558808256
4 20 10 0.02129273567774137
4 20 11 0.3133169964723105
4 20 12 0.11996190091147496
4 20 13 0.28115416838234963
4 20 14 0.42316528107472295
4 20 16 0.30505097907811685
4 20 18 0.16572541741120506
4 20 19 0.18205860446849254
4 20 21 0.0698134263220147
4 20 22 0.19657793737448115
4 20 23 0.06824340550105346
4 20 25 0.27476291972181066
4 21 1 0.1924295049049748
4 21 2 0.2517781705173423
4 21 4 0.3406057462614156
4 21 5 0.3428564472540251
4 21 6 0.1499746836388265
4 21 7 0.12904505059769478
4 21 8 0.15068613564454414
4 21 9 0.4948017187936541
4 21 11 0.09536619055577789
4 21 12 0.14979289456528133
4 21 14 0.3089686811871115
4 21 15 0.07980214695676824
4 21 16 0.3721721460353157
4 21 17 0.43936532308333287
4 21 18 0.30091138759602476
4 21 19 0.4124868537199846
4 21 20 0.07896942226374892
4 21 21 0.36462981456375476
4 21 22 0.2665649923089244
4 21 23 0.38572182729530413
4 21 24 0.30524399594034635
4 21 25 0.060791064848582654
4 22 1 0.06686396012442364
4 22 2 0.38180497770226396
4 22 3 0.483016521685358
4 22 4 0.15227213589928867
4 22 5 0.38406502915143437
4 22 6 0.18001262753523506
4 22 7 0.3543463610630201
4 22 8 0.15713952999274294
4 22 9 0.054155134189661
4 22 10 0.13997461822415602
4 22 11 0.33105466330482736
4 22 12 0.38145141749945266
4 22 13 0.031089902864555374
4 22 14 0.3210011013181351
4 22 15 0.3827875953958264
4 22 16 0.44620472844469894
4 22 17 0.1535975331178413
4 22 18 0.01180661497367208
4 22 19 0.3295794591602472
4 22 20 0.2519586201310239
4 22 21 0.2405895258042966
4 22 22 0.013440314465470782
4 22 24 0.017954346350174233
4 22 25 0.3550896080522138
4 23 1 0.4873225924638689
4 23 2 0.2018367260333659
4 23 3 0.21234071863163806
4 23 4 0.29174624360433876
4 23 5 0.31417610316215905
4 23 6 0.15570245931669702
4 23 7 0.41044963472678764
4 23 8 0.06838261030720805
4 23 10 0.10021052366633199
4 23 11 0.15124092967774339
4 23 12 0.1936151752878834
4 23 13 0.002758970837119512
4 23 14 0.4075411955490865
4 23 15 0.23858171238153703
4 23 16 0.22034012675858528
4 23 17 0.3580238860835123
4 23 18 0.4013127546345222
4 23 19 0.156000624424261
4 23 20 0.21825704387677047
4 23 21 0.4997662885262437
4 23 22 0.26106577659556096
4 23 23 0.4114674754273878
4 23 24 0.44688029699946974
4 23 25 0.02762430305347785
4 24 1 0.40144825690423247
4 24 2 0.2720214814526615
4 24 3 0.3944433520165396
4 24 4 0.14619283460874533
4 24 5 0.4827366479188492
4 24 6 0.36341732072585
4 24 7 0.2485112908788677
4 24 8 0.2800014470395167
4 24 9 0.08962713830030133
4 24 10 0.1958459589841549
4 24 11 0.3355873449778748
4 24 12 0.30732818623392866
4 24 14 0.12652900289069924
4 24 15 0.29726820566122025
4 24 16 0.1628125556178892
4 24 17 0.3067251089002506
4 24 18 0.1206642416633752
4 24 19 0.487324778870904
4 24 20 0.25831982618681004
4 24 21 0.02835770380492897
4 24 22 0.4565979535994297
4 24 23 0.0023574325745352454
4 24 24 0.404949608820498
4 24 25 0.021111297087831105
4 25 1 0.29385297408981526
4 25 2 0.053710981000940294
4 25 3 0.14570024050430797
4 25 4 0.11347822326857515
4 25 5 0.4376235142189109
4 25 6 0.11191567961223459
4 25 7 0.3057111952198718
4 25 8 0.01823512546952155
4 25 9 0.33917880313849014
4 25 10 0.20516285108680044
4 25 11 0.06267085019555574
4 25 12 0.44131826630120463
4 25 13 0.45602843903565027
4 25 14 0.30753568519636953
4 25 15 0.36712160832675844
4 25 17 0.15727229436781587
4 25 18 0.15100493849968566
4 25 19 0.0008789147123993146
4 25 20 0.3518944872891576
4 25 21 0.22316257171880882
4 25 22 0.25017369919840815
4 25 23 0.11921817231961085
4 25 24 0.43863068642787295
5 1 1 0.16576489353811674
5 1 2 0.194845392509842
5 1 3 0.24545434448732706
5 1 4 0.2507644151545182
5 1 5 0.42578569517050424
5 1 6 0.32363532261536176
5 1 7 0.21046035958629472
5 1 8 0.3989444454903368
5 1 9 0.47380621212515306
5 1 10 0.3842062705863588
5 1 11 0.3953377945247143
5 1 12 0.14486264664249193
5 1 13 0.10672932913887001
5 1 14 0.458077269374212
5 1 15 0.02593181909526454
5 1 16 0.2857839718435331
5 1 17 0.16221720607415058
5 1 18 0.3529287556906143
5 1 19 0.10880565681022303
5 1 20 0.3075516219409593
5 1 21 0.4639866727068329
5 1 22 0.1989414531874879
5 1 23 0.3735671866129163
5 1 24 0.26744287048737214
5 2 1 0.16290338705166407
5 2 2 0.47061132490653124
5 2 3 0.48126985130869193
5 2 5 0.25943700647898893
5 2 6 0.35482883847624835
5 2 7 0.023225400730567336
5 2 8 0.24620926311709201
5 2 9 0.02935246808698011
5 2 10 0.33596426761350684
5 2 11 0.014153268168269229
5 2 12 0.25787883555104296
5 2 13 0.45146202442893224
5 2 14 0.055944164046110134
5 2 15 0.26607504917912195
5 2 16 0.023464585402905525
5 2 17 0.18829464754549563
5 2 18 0.23607404319112923
5 2 19 0.18906218661949714
5 2 20 0.3801628348786341
5 2 21 0.18080866679731045
5 2 23 0.16380084935396544
5 2 24 0.05636544121148246
5 2 25 0.3240628725033178
5 3 1 0.09394838589489496
5 3 2 0.2901107161564761
5 3 3 0.2614603254872121
5 3 4 0.008206725183483643
5 3 5 0.3085438170925191
5 3 6 0.19641333839035524
5 3 7 0.2200001590268087
5 3 8 0.48902254833249015
5 3 9 0.05915012318064938
5 3 10 0.2044747245547721
5 3 11 0.48317352387712775
5 3 12 0.4543485468293589
5 3 13 0.22451779408145078
5 3 14 0.46235387965712227
5 3 16 0.07893301607327563
5 3 17 0.26887967670497637
5 3 18 0.29424385485498483
5 3 19 0.4560067342950618
5 3 20 0.03414994667679594
5 3 21 0.038242022522989805
5 3 22 0.3051860172270833
5 3 23 0.24940616783551817
5 3 24 0.4625356933302497
5 3 25 0.1813074201603312
5 4 1 0.12007133321171548
5 4 2 0.09405532388645022
5 4 3 0.24701068825888273
5 4 4 0.3981474434227299
5 4 6 0.13174723313475223
5 4 7 0.36556973245688706
5 4 8 0.3168060382450377
5 4 9 0.12440024435328467
5 4 12 0.3712043270720151
5 4 13 0.0814990066391107
5 4 14 0.42525412424439935
5 4 15 0.2585277948326574
5 4 17 0.44631367691338486
5 4 18 0.17037970701065241
5 4 19 0.28973314002416706
5 4 20 0.4468676797249649
5 4 21 0.00889519370165981
5 4 22 0.10232470779501879
5 4 23 0.2268899547112817
5 4 25 0.0861025194961097
5 5 1 0.0939775784637017
5 5 2 0.2838215933239112
5 5 3 0.14674740383288754
5 5 4 0.33304998668607344
5 5 5 0.16887879764412395
5 5 6 0.44112240398800695
5 5 7 0.37597884868764053
5 5 8 0.2895002994813196
5 5 9 0.2719806387556034
5 5 10 0.4601890276062123
5 5 11 0.09127657482441665
5 5 12 0.34221933995435894
5 5 13 0.08812682503740188
5 5 14 0.21309568689959957
5 5 15 0.12721873207253576
5 5 16 0.4172119707551363
5 5 17 0.19022481670367586
5 5 18 0.27705199231621536
5 5 19 0.47923273325180205
5 5 20 0.07993813687738538
5 5 21 0.09965240107941231
5 5 22 0.3293749337806925
5 5 23 0.1264606681624172
5 5 24 0.4209131314031761
5 5 25 0.086211647547076
5 6 2 0.20058620304936314
5 6 3 0.2899654265849112
5 6 4 0.3501293027187712
5 6 5 0.21455555784610814
5 6 6 0.0757450596874698
5 6 7 0.449181389574836
5 6 8 0.4494808687508043
5 6 9 0.09609150490760665
5 6 10 0.465939298822174
5 6 11 0.33417454003412517
5 6 12 0.03478596254220956
5 6 13 0.3388632471694494
5 6 14 0.3348574502163054
5 6 16 0.284768640309065
5 6 17 0.2571563975605272
5 6 18 0.344966380304892
5 6 19 0.4829606937072083
5 6 20 0.17635110352946137
5 6 21 0.41812790639857667
5 6 22 0.4237937045807313
5 6 24 0.11173905915280524
5 6 25 0.24793535151667023
5 7 1 0.38674889567470827
5 7 2 0.17241419151162996
5 7 3 0.40637366231150895
5 7 4 0.3334362321416301
5 7 5 0.1957861638628664
5 7 6 0.3592739998574985
5 7 7 0.08111476349177626
5 7 8 0.48908476312061266
5 7 9 0.025267102921078255
5 7 10 0.41301807849294114
5 7 11 0.23928871734665558
5 7 12 0.3304167552334004
5 7 13 0.053029079279246605
5 7 14 0.1704191084352883
5 7 15 0.4922968656579735
5 7 16 0.2381547264585232
5 7 17 0.13284910989070065
5 7 18 0.22946450828988796
5 7 19 0.08032575314204249
5 7 20 0.36119201769804155
5 7 21 0.11094595509574667
5 7 24 0.49127136031089724
5 8 1 0.1357264845384395
5 8 2 0.2590321100755386
5 8 3 0.37428830571886085
5 8 4 0.25468448377994035
5 8 5 0.04522292441494913
5 8 6 0.4057782253970471
5 8 7 0.009313918884620298
5 8 8 0.31483988635175497
5 8 9 0.29755644049252694
5 8 10 0.42702122543676524
5 8 11 0.36156018560914704
5 8 12 0.33772025025645136
5 8 13 0.25039271157808807
5 8 14 0.3022203120619549
5 8 15 0.09603821454958694
5 8 16 0.37277715019668844
5 8 17 0.4282756951530884
5 8 18 0.29340023573259977
5 8 19 0.2521308620461622
5 8 20 0.4152965299517841
5 8 21 0.362508552920458
5 8 22 0.2277848488692804
5 8 23 0.163669527909172
5 8 24 0.3009388460258816
5 9 2 0.15569277389493597
5 9 3 0.28726017051996355
5 9 5 0.2694302480927109
5 9 7 0.0032989997484424993
5 9 8 0.4316816392716365
5 9 9 0.10415696082393622
5 9 10 0.26612991300887245
5 9 11 0.4917951026001407
5 9 12 0.19236927372709334
5 9 13 0.43321109328280083
5 9 14 0.32233258897733996
5 9 15 0.47073157152916467
5 9 16 0.18881387521248838
5 9 17 0.3092045550512027
5 9 18 0.006778080014749999
5 9 19 0.4570537754035675
5 9 20 0.4345200335439616
5 9 21 0.22534680027907317
5 9 22 0.40774087912856183
5 9 24 0.17713960795666595
5 9 25 0.11010742294667153
5 10 1 0.052679503835443287
5 10 2 0.023580871481622023
5 10 3 0.16656078696036736
5 10 4 0.19189644315924903
5 10 5 0.4460980405035062
5 10 6 0.08599599701950722
5 10 8 0.12196695668151403
5 10 9 0.30226009139972077
5 10 10 0.45199415423015976
5 10 11 0.2365715781932738
5 10 12 0.28098634067279094
5 10 13 0.04586261363420763
5 10 14 0.06778727851489286
5 10 15 0.4890380980175695
5 10 16 0.15700634977737205
5 10 17 0.2032099619394142
5 10 18 0.15590833193205977
5 10 20 0.2256082555752511
5 10 22 0.021438676016136804
5 10 23 0.42546050621360876
5 10 24 0.23088798239925912
5 10 25 0.17617906656122362
5 11 1 0.011986061989250008
5 11 2 0.12994138809401312
5 11 3 0.06995415215315748
5 11 4 0.21223163905036257
5 11 5 0.1276683786081383
5 11 6 0.18614670472987582
5 11 7 0.14981486497730634
5 11 8 0.11843862290892937
5 11 9 0.019539224172246628
5 11 10 0.2629697012561223
5 11 11 0.11553578367591433
5 11 12 0.09120913350645443
5 11 13 0.4319288249040344
5 11 14 0.4516642526249903
5 11 15 0.3366934824275176
5 11 16 0.33040588375514934
5 11 17 0.32051122956326594
5 11 18 0.37806612703996756
5 11 19 0.2094796018247992
5 11 20 0.3939390456998929
5 11 21 0.30047468428588175
5 11 22 0.3320507887580716
5 11 24 0.19856208761629746
5 11 25 0.3180330843482414
5 12 1 0.22331990334683371
5 12 2 0.34964677705188796
5 12 3 0.3674206862743653
5 12 4 0.017172479012021014
5 12 5 0.03763827048274926
5 12 7 0.002956739234065031
5 12 8 0.279308577210038
5 12 9 0.15599665770578386
5 12 10 0.26766008899612326
5 12 11 0.12319942842788045
5 12 12 0.4679419197399327
5 12 13 0.410703867269297
5 12 14 0.2828552125969459
5 12 15 0.4037651389757063
5 12 17 0.3737585261319756
5 12 18 0.08915637585241742
5 12 19 0.08646428432597941
5 12 20 0.0722717977023184
5 12 21 0.15482118411285806
5 12 22 0.3052242359014201
5 12 23 0.1508870583142955
5 12 24 0.27207796693968533
5 12 25 0.11020475498399485
5 13 1 0.441903733171487
5 13 2 0.33823882428094043
5 13 3 0.2805631663756386
5 13 4 0.4357484636273289
5 13 6 0.40543544827239697
5 13 7 0.4216712568378739
5 13 9 0.1638040267415286
5 13 10 0.36930822704422883
5 13 12 0.035535945860952656
5 13 13 0.4601606431261309
5 13 14 0.49405755012906527
5 13 15 0.2640164547368169
5 13 16 0.2015366974273528
5 13 17 0.4051359585207467
5 13 18 0.37625626895565345
5 13 20 0.16981689897728947
5 13 22 0.3758900276595726
5 13 23 0.10541409433824522
5 13 24 0.17249671644473552
5 13 25 0.1243646056079949
5 14 1 0.12174929424132563
5 14 2 0.10758868131719845
5 14 4 0.11323799543488977
5 14 5 0.08326478231292145
5 14 6 0.44667707143688284
5 14 7 0.3634232020569994
5 14 8 0.4083878106096607
5 14 9 0.31690836858212945
5 14 10 0.29583635388979823
5 14 11 0.49835544791714437
5 14 14 0.2852847543184469
5 14 15 0.15397938999265226
5 14 16 0.38534286872111223
5 14 17 0.3120877453479681
5 14 18 0.28371237672614746
5 14 19 0.14775395689490867
5 14 20 0.36353629175006197
5 14 21 0.31806722595492065
5 14 22 0.21794740749085595
5 14 24 0.029433865627337297
5 15 1 0.0029532969246620633
5 15 2 0.09268994523253138
5 15 3 0.10807233609780253
5 15 4 0.49445899638228097
5 15 6 0.4801767743935159
5 15 7 0.3306689615498286
5 15 8 0.3787278347914702
5 15 9 0.3938387138155427
5 15 10 0.09223143755414309
5 15 11 0.48511119063140984
5 15 12 0.34292737249347516
5 15 13 0.32954956054195705
5 15 14 0.04168495978949183
5 15 15 0.057792865399951654
5 15 16 0.10871290380669185
5 15 18 0.0011933440924858374
5 15 19 0.24902666246103478
5 15 20 0.3522745653828092
5 15 21 0.20397880283297287
5 15 22 0.1866102999528405
5 15 24 0.36208732084390605
5 15 25 0.20465617051483698
5 16 1 0.1805678571153051
5 16 2 0.44798228075081137
5 16 3 0.003461640655385123
5 16 4 0.2008319425062678
5 16 5 0.014975524518196504
5 16 6 0.4296603086386206
5 16 7 0.24346807479745147
5 16 8 0.4948287881283586
5 16 9 0.17156986859160261
5 16 10 0.4891981525742266
5 16 11 0.03925657804622562
5 16 12 0.36168333373129435
5 16 13 0.039873217657961924
5 16 14 0.1358066574815311
5 16 15 0.29316805896365683
5 16 16 0.09282979796896507
5 16 17 0.4492438950400428
5 16 18 0.32554346082531116
5 16 19 0.17617521648246826
5 16 20 0.1817238296340249
5 16 21 0.24073790914122561
5 16 22 0.07661904539686026
5 16 23 0.40205780319281215
5 16 24 0.2043980486637379
5 16 25 0.1730407940357973
5 17 1 0.0979934579578694
5 17 2 0.01182545505101218
5 17 3 0.1101151297135653
5 17 4 0.3774313099909281
5 17 5 0.13068182105201698
5 17 6 0.023757515628619497
5 17 7 0.19260161310678725
5 17 8 0.49842503546269845
5 17 9 0.29007426617123355
5 17 11 0.19467673973073973
5 17 12 0.3673169114846957
5 17 13 0.3166084236192913
5 17 14 0.41231706104546406
5 17 15 0.095148705749171
5 17 16 0.19590353577332764
5 17 17 0.11959842614051408
5 17 18 0.255818824998013
5 17 19 0.33173359137035374
5 17 21 0.34993026485595624
5 17 22 0.004330642327595391
5 17 23 0.0271215272965748
5 17 24 0.02848094878038232
5 17 25 0.20168978803113868
5 18 1 0.018446339517332766
5 18 2 0.057949763312760694
5 18 3 0.3840438336550258
5 18 4 0.034016682143388266
5 18 5 0.19080565802966498
5 18 6 0.4368622988024443
5 18 7 0.3541317906673225
5 18 8 0.22101744145319435
5 18 9 0.061233419736591466
5 18 10 0.3655422067875981
5 18 11 0.23707022788861365
5 18 12 0.4777242563195061
5 18 13 0.43567541320591674
5 18 14 0.3624008513308278
5 18 16 0.07456495692706044
5 18 17 0.18994477927228226
5 18 18 0.4832779016325488
5 18 19 0.3755842817840743
5 18 20 0.2618861023395648
5 18 21 0.40232406484636896
5 18 22 0.01906026014321538
5 18 23 0.18266515073149892
5 18 24 0.3983062381064808
5 18 25 0.2548914930925116
5 19 1 0.06834086543286855
5 19 2 0.17592102487122252
5 19 3 0.38503821610294453
5 19 4 0.3885514065602853
5 19 5 0.023785758329466833
5 19 6 0.1283701504963234
5 19 7 0.1899569039308584
5 19 8 0.1003155791945769
5 19 9 0.38106102987218016
5 19 10 0.19915847580759327
5 19 11 0.2112082579410851
5 19 12 0.21107309251820172
5 19 14 0.44308707197781294
5 19 15 0.21306535516722513
5 19 16 0.3206149290273336
5 19 17 0.2465822579634137
5 19 18 0.3591061124242845
5 19 19 0.33730706574804503
5 19 20 0.46677616185219717
5 19 21 0.09975951088970403
5 19 22 0.014667109164062442
5 19 23 0.482252478147263
5 19 24 0.3510473293276657
5 19 25 0.14230666594931451
5 20 1 0.1256582651270186
5 20 2 0.3747133600911635
5 20 3 0.42650258219129056
5 20 4 0.2079934864630294
5 20 5 0.09630683634574622
5 20 6 0.3972753738664674
5 20 7 0.1879204640883616
5 20 8 0.27754977277082493
5 20 9 0.32349305896255365
5 20 10 0.10762625137425519
5 20 11 0.26292869564299326
5 20 13 0.1003522199800847
5 20 14 0.4130269935596208
5 20 15 0.4063257802028932
5 20 16 0.15150555697072587
5 20 17 0.2306678512235325
5 20 18 0.22038362233034736
5 20 20 0.2886948109720604
5 20 21 0.31633714668432544
5 20 22 0.032273758902121696
5 20 24 0.05260939877269566
5 20 25 0.24791989652828417
5 21 1 0.3427266450429224
5 21 3 0.48213880170984846
5 21 4 0.464724971357122
5 21 5 0.4108799102159667
5 21 6 0.039005583045216397
5 21 7 0.1735326630206191
5 21 10 0.36502388002519814
5 21 11 0.0997242284002614
5 21 12 0.03568160431093026
5 21 13 0.44914011864937675
5 21 14 0.0997404745182987
5 21 15 0.2024115605245448
5 21 16 0.24663193065111066
5 21 17 0.14559202971072527
5 21 18 0.16788629081244755
5 21 19 0.32335173283197927
5 21 21 0.38062166040504675
5 21 23 0.026731820915073312
5 21 24 0.38798416487455445
5 21 25 0.4300378252907223
5 22 1 0.1116993806140043
5 22 2 0.053227707656066214
5 22 3 0.34914551268554284
5 22 4 0.20068800566408318
5 22 5 0.3399389984080249
5 22 7 0.09312187430087271
5 22 8 0.18659114425737056
5 22 10 0.024170549713032674
5 22 11 0.31846282250415414
5 22 12 0.1448008176924087
5 22 13 0.22912170609825921
5 22 14 0.00019747932616398511
5 22 15 0.10322856531779712
5 22 17 0.2014228773985799
5 22 18 0.2629297017894956
5 22 20 0.09031352780531043
5 22 21 0.4293504321008902
5 22 22 0.3636228696177233
5 22 23 0.09994861843802005
5 22 24 0.035208397053152596
5 22 25 0.40091039982571497
5 23 1 0.27707394934128393
5 23 2 0.4009492162182573
5 23 3 0.17054373158590852
5 23 4 0.08399730748729828
5 23 5 0.02157710333392071
5 23 6 0.25460007380492855
5 23 7 0.04845167585522392
5 23 8 0.35042802917672455
5 23 9 0.30730035039924986
5 23 10 0.425556882513504
5 23 11 0.39493307354908336
5 23 12 0.21239305653328766
5 23 13 0.11730709997015842
5 23 14 0.09250726454280356
5 23 15 0.4151916570084174
5 23 16 0.4696414385553509
5 23 17 0.14600612655961853
5 23 18 0.13465904156140873
5 23 19 0.48827482377026477
5 23 20 0.08752120467612978
5 23 21 0.405521386296571
5 23 22 0.39105963765973895
5 23 24 0.006925246992287026
5 23 25 0.014911127036332794
5 24 1 0.08925196088570186
5 24 2 0.06747103420994949
5 24 3 0.4056066540915041
5 24 4 0.2192849170616118
5 24 6 0.2321281020814414
5 24 7 0.2904443526615077
5 24 8 0.17886315517128681
5 24 9 0.33756076828453596
5 24 10 0.050990630236735446
5 24 11 0.09873722093123105
5 24 12 0.24602504188059027
5 24 13 0.02660268923905229
5 24 14 0.2885011708740388
5 24 15 0.07825730861422187
5 24 16 0.25504634733518405
5 24 17 0.07082147582586851
5 24 18 0.17795439744553432
5 24 19 0.4534852585821423
5 24 20 0.3624467475626679
5 24 21 0.35179738304323316
5 24 23 0.4975809180811106
5 24 24 0.15978489376302452
5 24 25 0.3464001191610885
5 25 1 0.3330465975865029
5 25 2 0.06795604689142654
5 25 3 0.374934596274757
5 25 5 0.16732813290777293
5 25 6 0.20509186546893277
5 25 7 0.0585552086838691
5 25 8 0.4048605077578472
5 25 9 0.3260635259271717
5 25 11 0.2346193194076216
5 25 12 0.19462079992828407
5 25 13 0.0062681990855484315
5 25 14 0.2643531655078176
5 25 15 0.39955926290842947
5 25 16 0.45308540051129575
5 25 17 0.06523042744142049
5 25 18 0.344639193371427
5 25 19 0.4385053158881397
5 25 20 0.4971368318455165
5 25 21 0.49426533629875113
5 25 22 0.2855997064167698
5 25 23 0.47562125484126716
5 25 24 0.41604503780767266
5 25 25 0.24265392649200956
6 1 1 0.010251391242248276
6 1 2 0.356545231729943
6 1 3 0.026591407407928203
6 1 4 0.09818057587461615
6 1 5 0.3065212461888057
6 1 6 0.32906639327301557
6 1 8 0.1753248278654348
6 1 9 0.368703762121373
6 1 10 0.42114368415067704
6 1 11 0.1112541604763505
6 1 12 0.43580898820910463
6 1 13 0.4986210695732839
6 1 14 0.42457739169239095
6 1 15 0.26668450167062885
6 1 16 0.43601741583731524
6 1 17 0.4645609742751481
6 1 18 0.1998318641695026
6 1 19 0.41386938613524005
6 1 20 0.11741258240641728
6 1 21 0.31838918372798697
6 1 22 0.2613753990681016
6 1 23 0.4550043644726589
6 1 24 0.37554041709219865
6 1 25 0.18804981657270148
6 2 2 0.3797225523421388
6 2 3 0.03643828878866695
6 2 4 0.2814906289840001
6 2 5 0.051819502268271034
6 2 6 0.05968895799409679
6 2 7 0.02895622284963395
6 2 8 0.49990331180617587
6 2 9 0.1345853368614549
6 2 10 0.35949358044150725
6 2 11 0.28688190564668137
6 2 12 0.21369505566081637
6 2 13 0.25280778056808784
6 2 14 0.1302791439409111
6 2 15 0.07770360433744772
6 2 16 0.18911916246409133
6 2 17 0.05452203549162893
6 2 18 0.1256529876724486
6 2 19 0.4874950300355445
6 2 20 0.45912035071160395
6 2 21 0.40216678003573814
6 2 23 0.2539398241204043
6 2 24 0.3283475185215473
6 2 25 0.0868340189460668
6 3 1 0.05443820029478885
6 3 3 0.4514751855728144
6 3 4 0.3577777056808731
6 3 5 0.19009712563320225
6 3 6 0.4503574119560029
6 3 7 0.13172996767104872
6 3 8 0.07646913070451655
6 3 9 0.11122423903049816
6 3 10 0.48447556631011446
6 3 11 0.2948190826314546
6 3 12 0.33140030007048926
6 3 13 0.4485142312540067
6 3 14 0.3120222796191481
6 3 15 0.2689493372617484
6 3 16 0.15386427022909777
6 3 17 0.47574118328218984
6 3 18 0.2952957872757439
6 3 20 0.13773233067776625
6 3 21 0.252740052892126
6 3 22 0.008478342772090253
6 3 23 0.3310470371895038
6 3 24 0.32589785918546865
6 3 25 0.08111102762417044
6 4 1 0.03324096884300953
6 4 2 0.08477914806721021
6 4 3 0.40754062399633495
6 4 4 0.11792618028239565
6 4 5 0.39931427490804117
6 4 6 0.3722984303513833
6 4 7 0.19556556470144826
6 4 10 0.03369813297749713
6 4 11 0.33067137452583106
6 4 12 0.34774767810178
6 4 13 0.17002045641311714
6 4 14 0.3834478573016946
6 4 15 0.30374991814012386
6 4 17 0.29555445392278146
6 4 18 0.004869230594120255
6 4 20 0.48605639698787106
6 4 21 0.23942193034487813
6 4 22 0.018549824321593467
6 4 23 0.3695846681725854
6 4 24 0.20712714333017057
6 4 25 0.10871623507131489
6 5 1 0.07548184991751694
6 5 2 0.39329210074699816
6 5 3 0.11153438551502892
6 5 5 0.2223506161820713
6 5 6 0.03430270279875569
6 5 7 0.3569624494015863
6 5 8 0.30430466827594027
6 5 9 0.08599626230378565
6 5 10 0.20022824712098342
6 5 11 0.3378699624589717
6 5 12 0.44966759280205215
6 5 13 0.458193329897158
6 5 14 0.14155510251053338
6 5 15 0.4506068154500117
6 5 16 0.4928938450757382
6 5 17 0.4675324774510239
6 5 18 0.0010417380517164787
6 5 19 0.4238481747572287
6 5 20 0.39904921224015677
6 5 21 0.48724448804453857
6 5 22 0.48774082493624593
6 5 23 0.32645697278100116
6 5 24 0.27932063909573335
6 5 25 0.3237419651953948
6 6 1 0.051778201006976166
6 6 2 0.42695012961937695
6 6 4 0.08481941540318849
6 6 5 0.19225528828162852
6 6 6 0.2896553495552414
6 6 8 0.3661436515604124
6 6 9 0.04405517646913204
6 6 10 0.19940371250805244
6 6 11 0.07610208508910554
6 6 13 0.16114726678557612
6 6 14 0.04289642232561519
6 6 15 0.4499017809789837
6 6 17 0.4236770094930665
6 6 18 0.33602211303319374
6 6 19 0.3389764588680919
6 6 20 0.1847516927315478
6 6 21 0.010090047817796433
6 6 22 0.15495449204769318
6 6 23 0.14808826826599797
6 6 24 0.13076748720775633
6 7 1 0.4781027369619518
6 7 2 0.14448790463597794
6 7 3 0.41530278252440955
6 7 4 0.22023255685043464
6 7 5 0.0013693070700693255
6 7 7 0.2221000657105674
6 7 8 0.2981281771523352
6 7 9 0.10922443316247765
6 7 10 0.006769590263865033
6 7 11 0.028373959249946457
6 7 12 0.49118218971347705
6 7 13 0.2203675777943852
6 7 14 0.30719818172305857
6 7 15 0.1932328649384174
6 7 17 0.4859597642975598
6 7 18 0.12693849359484377
6 7 19 0.2193018649094155
6 7 20 0.4809530773037032
6 7 21 0.318609671880803
6 7 23 0.26560841938478486
6 7 24 0.07211829323816943
6 7 25 0.35364238632327416
6 8 1 0.3929439872736047
6 8 2 0.3656440529672952
6 8 3 0.036908365884169125
6 8 5 0.39371411513364996
6 8 6 0.03946871357466186
6 8 7 0.12529312637514056
6 8 8 0.023038269367811504
6 8 9 0.06364159242079148
6 8 10 0.2994609445382115
6 8 11 0.17638440870143057
6 8 12 0.3079495330909122
6 8 13 0.3005863797493432
6 8 14 0.3015179715388687
6 8 15 0.04234286267358345
6 8 16 0.4939711527436499
6 8 17 0.4723768870936531
6 8 18 0.37030801925694146
6 8 19 0.38738542336613424
6 8 20 0.44204541512511963
6 8 23 0.43792746073409716
6 8 24 0.17119317905532627
6 8 25 0.15192883297411286
6 9 1 0.2953518930615746
6 9 2 0.3582936083371986
6 9 3 0.32775856523222324
6 9 4 0.4285832523606138
6 9 5 0.17931642870025044
6 9 6 0.32784617922076387
6 9 8 0.1261995232302221
6 9 9 0.4985244591192397
6 9 10 0.3941488806167156
6 9 12 0.39907440747641754
6 9 13 0.046302326040248976
6 9 14 0.2871316167050739
6 9 15 0.09040229550846957
6 9 16 0.1548176308153545
6 9 17 0.3291125179862343
6 9 18 0.036728077151068295
6 9 19 0.20386329533693637
6 9 20 0.3587576206175441
6 9 21 0.35018923043498185
6 9 22 0.08143414127805948
6 9 23 0.1486653051491329
6 9 24 0.37489727869131817
6 9 25 0.39076045701594075
6 10 1 0.009251377860054255
6 10 2 0.48483274657767905
6 10 3 0.05626680014117191
6 10 4 0.4909675586151325
6 10 5 0.07502789765780393
6 10 7 0.3383409882576214
6 10 8 0.39105159694479863
6 10 9 0.08269084688311912
6 10 10 0.0018867000621145547
6 10 11 0.27514521279223836
6 10 12 0.2615716043032662
6 10 13 0.4932287902831528
6 10 14 0.48507358648589616
6 10 15 0.24397892566806334
6 10 16 0.22858826816557687
6 10 17 0.036615656476163494
6 10 18 0.4571934979719564
6 10 19 0.11514255860616485
6 10 20 0.19483723447803192
6 10 21 0.021828276392545365
6 10 22 0.34009713505049766
6 10 23 0.13823938077032594
6 10 24 0.054671614446132444
6 10 25 0.2748193994727971
6 11 1 0.1989092371436273
6 11 2 0.2870972265403188
6 11 3 0.2050872979872439
6 11 5 0.4890610156617091
6 11 6 0.42742827541678985
6 11 7 0.23239698165444123
6 11 8 0.1883950416602289
6 11 10 0.1813721963822743
6 11 11 0.39501711066128475
6 11 12 0.27824062201736877
6 11 13 0.17440388092055703
6 11 14 0.092600938024759
6 11 15 0.09321648249932724
6 11 16 0.1990311654767256
6 11 18 0.2646931535666671
6 11 20 0.3444839540769348
6 11 21 0.011062503187594497
6 11 22 0.35624190067850137
6 11 23 0.2856950839331378
6 11 24 0.07000452721074757
6 11 25 0.19957430010433908
6 12 1 0.23340542199376813
6 12 2 0.16091376436716986
6 12 3 0.4069559280962328
6 12 5 0.09085862175829973
6 12 6 0.45016616940709264
6 12 7 0.11046692195939167
6 12 9 0.05959280143099299
6 12 10 0.0919404732904694
6 12 11 0.49597685187480667
6 12 12 0.4538997249703164
6 12 13 0.3333831315753035
6 12 14 0.4787674549445331
6 12 15 0.2978112797677738
6 12 16 0.39921489952028044
6 12 17 0.47547664154853897
6 12 18 0.06459246980591926
6 12 19 0.12119334750504174
6 12 21 0.4363388188670231
6 12 22 0.3068606851191692
6 12 23 0.44674527136567754
6 12 24 0.2947891985785146
6 13 1 0.17761437259206636
6 13 2 0.4924301997381435
6 13 3 0.3531038598010223
6 13 4 0.34677502027627216
6 13 5 0.17633372082330112
6 13 6 0.16359880552216444
6 13 7 0.2468648796080405
6 13 8 0.3767387466390918
6 13 9 0.22227226727458915
6 13 10 0.3129370656774114
6 13 11 0.14295826136371015
6 13 12 0.3266114404346874
6 13 13 0.29860079640701753
6 13 14 0.49669332416103973
6 13 15 0.16017388266531773
6 13 16 0.20310567526092083
6 13 17 0.33964269434886196
6 13 18 0.38072409855283074
6 13 19 0.32476594562872974
6 13 20 0.041562430372145465
6 13 21 0.060120120707514824
6 13 22 0.10237375783875058
6 13 23 0.4243569537202565
6 13 25 0.33699715140617825
6 14 1 0.010301722888003129
6 14 2 0.4237085552680091
6 14 4 0.43325976147761913
6 14 5 0.29558988626104576
6 14 6 0.07288234591963694
6 14 7 0.11353960467563151
6 14 8 0.238064235683756
6 14 9 0.19380825335328822
6 14 10 0.19927973985016534
6 14 11 0.2530106098293511
6 14 12 0.17993759788877295
6 14 13 0.005018013297805601
6 14 14 0.10465336540897796
6 14 15 0.4777089960961446
6 14 16 0.10314189997429613
6 14 18 0.04678014868394775
6 14 19 0.37366361955665817
6 14 20 0.05342666160451226
6 14 21 0.21437310206688476
6 14 22 0.2531808697057084
6 14 23 0.11851550458420435
6 14 24 0.4998941132202048
6 15 1 0.4935234101541175
6 15 2 0.20396925929667953
6 15 3 0.20995361971651427
6 15 4 0.48694915179624565
6 15 6 0.026295038762718104
6 15 8 0.38833814712362014
6 15 9 0.3295184568611158
6 15 10 0.3693635026621721
6 15 11 0.4767534714750674
6 15 12 0.17015382270410573
6 15 13 0.47196864788453197
6 15 14 0.23843450138157352
6 15 15 0.05491231012833053
6 15 16 0.022556909702452055
6 15 17 0.39626722112560486
6 15 18 0.45552690433242016
6 15 19 0.350202684650349
6 15 20 0.438982728810857
6 15 22 0.18477553517527612
6 15 23 0.4094417268951097
6 15 25 0.3578576770716132
6 16 1 0.46078355476050026
6 16 2 0.06968406747038325
6 16 3 0.16655643050781022
6 16 4 0.14168645067849917
6 16 5 0.14679947694039552
6 16 6 0.42557784661754905
6 16 7 0.35284452879154493
6 16 8 0.3733339347248428
6 16 9 0.26960567712814487
6 16 10 0.30884119003069876
6 16 11 0.4805304208969816
6 16 12 0.09168056485561049
6 16 14 0.14111019219924403
6 16 15 0.4045438316756519
6 16 16 0.21524237454079953
6 16 17 0.1263171288770959
6 16 18 0.4357230475710685
6 16 19 0.342444152375474
6 16 20 0.44162779389940754
6 16 21 0.15170981415015317
6 16 22 0.10511172297061133
6 16 23 0.09853897448702287
6 16 24 0.45532300187028907
6 16 25 0.08556806231798397
6 17 1 0.48535900669383003
6 17 3 0.2876979923579104
6 17 4 0.2407217696003109
6 17 5 0.24936784005737356
6 17 6 0.2619778155316076
6 17 7 0.39007255443391864
6 17 9 0.28251858758658066
6 17 10 0.0834834972076004
6 17 11 0.2694063578936201
6 17 12 0.36853233193867563
6 17 13 0.18756926065510549
6 17 14 0.3015885194306138
6 17 15 0.2843391210007501
6 17 16 0.05522502790024719
6 17 17 0.47907533506867495
6 17 18 0.44988656442543007
6 17 19 0.202160799055759
6 17 20 0.46146010663193393
6 17 21 0.06010804292474081
6 17 22 0.42349597375422576
6 17 23 0.17932637723414513
6 17 24 0.04494647922963391
6 17 25 0.07396076189620693
6 18 1 0.3025466981989098
6 18 3 0.3571037921972491
6 18 4 0.32777231505151827
6 18 5 0.06390117193750755
6 18 7 0.014084045518689803
6 18 8 0.05250694979996651
6 18 9 0.42148850703730145
6 18 10 0.07780240697220342
6 18 11 0.43539142544399834
6 18 13 0.031532483350526386
6 18 14 0.35214515125911117
6 18 15 0.136964683314857
6 18 16 0.2754116245014734
6 18 17 0.1469080039122842
6 18 18 0.2745893286267419
6 18 19 0.03277911373321529
6 18 20 0.035224949537921546
6 18 21 0.462485180188707
6 18 22 0.38858731738035956
6 18 23 0.4843008011960609
6 18 24 0.30338368052483333
6 18 25 0.48325380082299585
6 19 1 0.36173916741248036
6 19 3 0.18391211693217535
6 19 4 0.1473895574600067
6 19 5 0.3597016882611449
6 19 6 0.13914477238096756
6 19 7 0.10228430833647473
6 19 8 0.34835565108876687
6 19 9 0.08145381732372359
6 19 10 0.025436873218432465
6 19 11 0.25150541803557525
6 19 12 0.2049123451599516
6 19 13 0.11171688722452178
6 19 15 0.4495508646379448
6 19 16 0.07737111657096185
6 19 18 0.10135520629055306
6 19 19 0.15760193430429148
6 19 20 0.22978251822901385
6 19 22 0.24259007685986478
6 19 23 0.22507295205132405
6 19 24 0.13591449536341194
6 19 25 0.4684689575027222
6 20 1 0.28906396864676276
6 20 2 0.20738678047987902
6 20 3 0.31852441708425017
6 20 4 0.31634994096148084
6 20 5 0.1317462469727151
6 20 8 0.08714721531960168
6 20 9 0.38835527830368066
6 20 10 0.49133902838074783
6 20 11 0.09499452303683742
6 20 12 0.4108868641061404
6 20 13 0.07189975356489198
6 20 14 0.35309689278281275
6 20 15 0.3813367915349075
6 20 16 0.24501826498988066
6 20 17 0.29347742980716496
6 20 18 0.25884632652756256
6 20 19 0.48256905700552566
6 20 20 0.2376208650522228
6 20 21 0.39379644910905753
6 20 22 0.019611687339613826
6 20 23 0.42246889188861236
6 20 24 0.333318868447649
6 20 25 0.4960973765129889
6 21 1 0.4342409306960101
6 21 2 0.013895323744044008
6 21 3 0.30089735761872305
6 21 5 0.4964967457266697
6 21 6 0.2382840010980598
6 21 7 0.1388346765945696
6 21 8 0.3982387516569378
6 21 9 0.3558900724842273
6 21 10 0.27543326785022204
6 21 11 0.409348676071317
6 21 12 0.32553930080801274
6 21 13 0.3312414044114924
6 21 14 0.3584328277944083
6 21 15 0.04673793160840234
6 21 16 0.1961854703035829
6 21 17 0.2362913853945
6 21 18 0.3811686011397326
6 21 19 0.2819628759985051
6 21 20 0.16912250352598157
6 21 21 0.4659954111707604
6 21 22 0.034074333023087044
6 21 24 0.031401229367474914
6 22 1 0.21954122611507476
6 22 3 0.446007576578634
6 22 4 0.41289523531481664
6 22 5 0.31061293734004825
6 22 6 0.429005949775074
6 22 7 0.10414798672091796
6 22 8 0.2045193345091415
6 22 9 0.20225988480687496
6 22 10 0.30670464917189244
6 22 11 0.30115118020665155
6 22 12 0.30915221243696955
6 22 13 0.38451352919199466
6 22 14 0.4046116696572568
6 22 15 0.1597675400094999
6 22 16 0.2487250851558318
6 22 17 0.297185523684415
6 22 18 0.1920748054683803
6 22 19 0.3681755136766188
6 22 21 0.2294466862675748
6 22 22 0.14778403742596247
6 22 23 0.4894581538315107
6 22 24 0.01909453489940116
6 22 25 0.2625995978217409
6 23 1 0.03063495994677423
6 23 2 0.09162927628450601
6 23 3 0.2336927268623541
6 23 4 0.30624268872100935
6 23 5 0.3284597450934945
6 23 6 0.04918901607368953
6 23 7 0.11179546859627265
6 23 8 0.014199803531493416
6 23 9 0.3961363469743918
6 23 10 0.3084092485861516
6 23 11 0.24021819385620147
6 23 12 0.22832384582856935
6 23 13 0.1956147956769272
6 23 15 0.2051809669791118
6 23 16 0.31410560018022204
6 23 17 0.24771624377667656
6 23 18 0.41586263068489626
6 23 19 0.41746712775348815
6 23 20 0.05259630560196071
6 23 21 0.3270687699283522
6 23 22 0.23351763256045488
6 23 23 0.24990903217559235
6 23 24 0.22419047691004068
6 23 25 0.03802962476307603
6 24 1 0.49218620105173294
6 24 2 0.21280502248661815
6 24 4 0.38709350811931975
6 24 5 0.2423036842603784
6 24 6 0.21119647176379608
6 24 7 0.38853759284166434
6 24 8 0.3161969486162789
6 24 10 0.3221730675052058
6 24 11 0.4010346335705399
6 24 12 0.44160929474840616
6 24 13 0.4748048623869042
6 24 14 0.4979549837587639
6 24 15 0.3361799960286104
6 24 16 0.1589443065999946
6 24 17 0.013010119670842313
6 24 18 0.378561896538088
6 24 19 0.3468035399665528
6 24 20 0.3182007449622478
6 24 21 0.07637734730902146
6 24 22 0.4448525571877655
6 24 23 0.254499532235006
6 24 24 0.16298695179893619
6 24 25 0.3590867186501945
6 25 1 0.19645875752964947
6 25 2 0.2307688902392908
6 25 3 0.21347887052327752
6 25 4 0.42194744430238085
6 25 5 0.2114562197490416
6 25 6 0.26096611613444576
6 25 7 0.2909623126877734
6 25 8 0.2116108652435822
6 25 9 0.17222072753974138
6 25 10 0.41741711803515547
6 25 11 0.21985223675315846
6 25 12 0.3264781941677898
6 25 13 0.2890355653345469
6 25 14 0.47596078655333496
6 25 15 0.09514495688264257
6 25 17 0.3233919523101788
6 25 18 0.07261402144118567
6 25 19 0.08035688795198515
6 25 20 0.45963470410907514
6 25 21 0.40654651936979824
6 25 22 0.21563364824696862
6 25 23 0.11006316782651415
6 25 24 0.05916748932875282
6 25 25 0.3801766492709123
