title
n = 10
P = 8
1 1 9
1 2 7
1 3 3
1 4 10
1 5 2
1 6 3
1 7 5
1 8 9
1 9 10
1 10 8
2 1 1
2 2 6
2 3 1
2 4 7
2 5 10
2 6 4
2 7 8
2 8 9
2 9 1
2 10 9
3 1 4
3 2 2
3 3 3
3 4 6
3 5 8
3 6 8
3 7 4
3 8 6
3 9 10
3 10 1
4 1 3
4 2 6
4 3 8
4 4 5
4 5 10
4 6 3
4 7 8
4 8 9
4 9 3
4 10 1
5 1 6
5 2 2
5 3 2
5 4 3
5 5 1
5 6 7
5 7 7
5 8 4
5 9 7
5 10 3
6 1 2
6 2 7
6 3 6
6 4 6
6 5 1
6 6 8
6 7 5
6 8 3
6 9 5
6 10 9
7 1 2
7 2 8
7 3 8
7 4 2
7 5 8
7 6 3
7 7 6
7 8 9
7 9 3
7 10 6
8 1 3
8 2 8
8 3 3
8 4 4
8 5 1
8 6 6
8 7 4
8 8 8
8 9 1
8 10 6
9 1 8
9 2 9
9 3 8
9 4 3
9 5 7
9 6 3
9 7 3
9 8 4
9 9 8
9 10 8
10 1 8
10 2 5
10 3 3
10 4 1
10 5 9
10 6 8
10 7 2
10 8 9
10 9 6
10 10 6
1 1 1 0.09781329019115903
1 1 2 0.30117601450748
1 1 3 0.03193619324839614
1 1 4 0.11431680541258815
1 1 5 0.18848995864019824
1 1 6 0.4322073379590672
1 1 7 0.07334432906132538
1 1 8 0.15893087163791186
1 1 9 0.40918132389154793
1 1 10 0.269313562612548
1 2 1 0.29208441776286687
1 2 2 0.4698120387731268
1 2 3 0.09964068843464513
1 2 4 0.11744612815362554
1 2 5 0.31921818052317985
1 2 6 0.2518892675278107
1 2 7 0.3056832724913916
1 2 8 0.001171126059187455
1 2 9 0.4325467816774573
1 2 10 0.29954096976420375
1 3 1 0.24951694171746097
1 3 2 0.38415358990468307
1 3 4 0.10073493719380988
1 3 5 0.04797660987423502
1 3 6 0.1931859478758443
1 3 7 0.236897513702921
1 3 8 0.14770502027888288
1 3 9 0.2293162119307658
1 3 10 0.14847834692914919
1 4 1 0.43352339976527343
1 4 2 0.04997052390777512
1 4 3 0.19894790001851326
1 4 4 0.2721034876653169
1 4 5 0.35751926863542594
1 4 6 0.147480809573019
1 4 7 0.38305880454276187
1 4 8 0.06618913940798377
1 4 9 0.22374396926613616
1 4 10 0.046027386857771746
1 5 1 0.005961649984779438
1 5 2 0.3956189247835853
1 5 3 0.018301336282026126
1 5 4 0.09687662554054932
1 5 5 0.22677012356962112
1 5 6 0.10429180736897592
1 5 7 0.1532425589343298
1 5 8 0.42280134338606146
1 5 9 0.24638478761020877
1 6 1 0.10935182213548
1 6 3 0.09388181201058765
1 6 4 0.36301883499797716
1 6 5 0.440640809933015
1 6 6 0.39752202093472566
1 6 7 0.3815750620808611
1 6 9 0.16201523106769644
1 6 10 0.14617006947490008
1 7 1 0.1548465574290817
1 7 2 0.23319710797413107
1 7 3 0.28261814411528463
1 7 4 0.1280399582146008
1 7 5 0.4260570647562447
1 7 6 0.470087285939195
1 7 7 0.33542836352289396
1 7 8 0.17164343595405884
1 7 9 0.248723175907539
1 7 10 0.13022510066513782
1 8 1 0.38165905385202614
1 8 2 0.3071303846483293
1 8 3 0.33679945125774324
1 8 4 0.4497579008241941
1 8 5 0.3130180332810474
1 8 7 0.15195843241834417
1 8 8 0.28555039753226585
1 8 9 0.477414048133608
1 8 10 0.05336182489370389
1 9 1 0.18981153857568578
1 9 2 0.3934389448387361
1 9 3 0.023125207378496215
1 9 4 0.3220677056014918
1 9 5 0.09111385286776452
1 9 6 0.09314407792595547
1 9 7 0.06253479288022024
1 9 8 0.12539730981344355
1 9 9 0.37853118663288454
1 9 10 0.12984225247316228
1 10 1 0.126468822119419
1 10 3 0.29902480342834614
1 10 4 0.47743562098123615
1 10 5 0.23441508468360728
1 10 6 0.2387601481723507
1 10 7 0.2978809645197533
1 10 8 0.33514130072768866
1 10 9 0.09597417770867323
1 10 10 0.13247191808990777
2 1 1 0.3590843105345476
2 1 3 0.03559853953492731
2 1 4 0.3104156233316414
2 1 5 0.1128704591120071
2 1 7 0.3460626007215277
2 1 8 0.39219800929427084
2 1 9 0.22588973526882794
2 1 10 0.4184309865911373
2 2 1 0.0024204921698374182
2 2 2 0.3036384091314145
2 2 3 0.4155236720366621
2 2 4 0.45450459907064844
2 2 5 0.069412263568154
2 2 6 0.09725563501049206
2 2 7 0.3806305987514611
2 2 8 0.01644211399899498
2 2 9 0.4610550580583521
2 2 10 0.1279959943247595
2 3 2 0.35452258525410607
2 3 3 0.28684858057044604
2 3 4 0.4163827564000997
2 3 5 0.4977314295769415
2 3 6 0.44896953417303886
2 3 7 0.06628721887091116
2 3 8 0.3638152057706264
2 3 9 0.06547035807348123
2 3 10 0.24244693095130287
2 4 1 0.26107526468843434
2 4 2 0.2628674335836796
2 4 3 0.024170579826424454
2 4 4 0.17062944990865925
2 4 6 0.42837810841057156
2 4 7 0.1446761288342443
2 4 8 0.29794269870279355
2 4 9 0.06277169435117691
2 4 10 0.16567451954040602
2 5 1 0.43902247735901156
2 5 2 0.3589586346077377
2 5 3 0.4356371764553991
2 5 4 0.37564433554252574
2 5 5 0.1082243526377995
2 5 6 0.41521591524856527
2 5 7 0.14769799899413105
2 5 8 0.4169656095565457
2 5 9 0.4300830290821974
2 5 10 0.32659817296715865
2 6 1 0.358033302272732
2 6 2 0.25992519344023246
2 6 3 0.07280087014889658
2 6 4 0.3160608316732456
2 6 5 0.042412762110650704
2 6 6 0.4100721325801715
2 6 7 0.3211873167205168
2 6 8 0.3315351274376389
2 6 9 0.04291796765605538
2 6 10 0.4974817929232146
2 7 1 0.3477948688987538
2 7 2 0.3363905439626129
2 7 3 0.4511800091431154
2 7 4 0.10268142432166638
2 7 5 0.32624823507322454
2 7 6 0.24951835610477802
2 7 7 0.08443607362018757
2 7 8 0.3080093354103405
2 7 9 0.3591801068685847
2 7 10 0.035425752832382695
2 8 1 0.3917568310141494
2 8 2 0.47726035810910206
2 8 3 0.3169956002001073
2 8 4 0.19108426268130196
2 8 5 0.16561403136524633
2 8 6 0.4303336314937998
2 8 7 0.1425633176365666
2 8 8 0.29981552589149385
2 8 9 0.15304139490036994
2 8 10 0.06669007909335678
2 9 1 0.048343280997036886
2 9 2 0.09089966882608591
2 9 3 0.014909471078812131
2 9 5 0.014392811695632668
2 9 7 0.42462198066230994
2 9 8 0.17880490210292022
2 9 9 0.013410438108310219
2 9 10 0.3089263850999925
2 10 1 0.3162880869353588
2 10 2 0.19796558084914184
2 10 6 0.4363087743271711
2 10 7 0.36385312470215436
2 10 8 0.3018666208108526
2 10 9 0.16579491074329278
2 10 10 0.23672365394048211
3 1 1 0.35732938801362113
3 1 2 0.07012106403792007
3 1 4 0.3975461918284262
3 1 5 0.0448424989247459
3 1 6 0.3272010123943626
3 1 7 0.024196856361614838
3 1 8 0.26386366191118527
3 1 9 0.42284886926100507
3 2 1 0.48193076663502776
3 2 2 0.41147534705087285
3 2 3 0.2342187826872898
3 2 4 0.49654656488372195
3 2 5 0.32840863993866376
3 2 7 0.16198008023121346
3 2 8 0.018315238237666676
3 2 9 0.34775882714953554
3 2 10 0.46256058496214325
3 3 1 0.30946837272381644
3 3 2 0.11283666336942
3 3 3 0.10081351039418118
3 3 4 0.3693249240708273
3 3 5 0.24360338688592797
3 3 6 0.2671084025386059
3 3 7 0.1734945233746824
3 3 8 0.31095642726552275
3 3 10 0.28222162589550825
3 4 1 0.0397020036282143
3 4 2 0.26002064176795814
3 4 3 0.1556421183550497
3 4 4 0.2784120830843315
3 4 5 0.08662407596230781
3 4 7 0.1404558248019555
3 4 8 0.3236958477331543
3 4 9 0.10877118486644033
3 4 10 0.12333314723401378
3 5 1 0.13393287420989153
3 5 2 0.2425462515422354
3 5 3 0.029087854036270566
3 5 4 0.2843112206493922
3 5 5 0.33519469064007457
3 5 7 0.07180855754995707
3 5 8 0.1757134084267562
3 5 9 0.4400920585281799
3 5 10 0.26850264584206385
3 6 1 0.19611865279471596
3 6 2 0.29354607376373765
3 6 3 0.4592386855920204
3 6 4 0.2832685130124285
3 6 5 0.4879494749628064
3 6 6 0.46771127897710874
3 6 7 0.21177356622872057
3 6 8 0.4276896197053186
3 6 9 0.39904710466571935
3 6 10 0.36234311196168756
3 7 2 0.24798376319189497
3 7 3 0.14705223296858738
3 7 5 0.2941628108812788
3 7 7 0.07154106768766899
3 7 8 0.34600857138725216
3 7 9 0.23628953870249558
3 7 10 0.24551544124163416
3 8 1 0.32150826612626215
3 8 2 0.0899434456109488
3 8 3 0.13049168708439174
3 8 4 0.3547869200797853
3 8 5 0.25300443132362394
3 8 6 0.17237940576140398
3 8 7 0.48692138194030377
3 8 8 0.341789757910139
3 8 9 0.22228771727916652
3 9 2 0.47310656471700363
3 9 3 0.2708225118228019
3 9 4 0.2430163954022908
3 9 5 0.06972259190101515
3 9 6 0.47428511062574097
3 9 7 0.455104047877229
3 9 8 0.06499952253198149
3 9 9 0.09770778654521939
3 9 10 0.35699170615309916
3 10 2 0.37810220626061
3 10 3 0.2997574260978204
3 10 5 0.10873732171794925
3 10 6 0.18561337097140962
3 10 7 0.09570454279492735
3 10 8 0.21887646378625636
3 10 9 0.4905070797027862
3 10 10 0.10086670766954564
4 1 1 0.28551143589663874
4 1 2 0.31664405269426776
4 1 3 0.41092171261723587
4 1 4 0.11474042750126967
4 1 5 0.2399709965092257
4 1 6 0.04761444509982171
4 1 7 0.35414340844054004
4 1 8 0.30926233654666957
4 1 9 0.3225298448599647
4 1 10 0.21274956564441894
4 2 1 0.14003850063607048
4 2 2 0.4154923390260574
4 2 3 0.38247261124372556
4 2 4 0.01258690422076103
4 2 5 0.1812318487103437
4 2 6 0.3675462455015218
4 2 7 0.006208845813969743
4 2 8 0.03242362736281579
4 2 9 0.06740477741740536
4 2 10 0.1550178115521822
4 3 1 0.15690221503181245
4 3 2 0.4152375790991425
4 3 4 0.013770346504558106
4 3 5 0.3601161475018624
4 3 6 0.35453918071810064
4 3 8 0.29933963051969403
4 3 9 0.38435918781849476
4 3 10 0.4797681858616992
4 4 1 0.4041008994163966
4 4 2 0.26300106320661676
4 4 3 0.03002282117079591
4 4 4 0.20237257334127468
4 4 5 0.0165934715127255
4 4 6 0.28739933779353244
4 4 8 0.3730276333998249
4 5 1 0.2964947735619329
4 5 2 0.24029689254483821
4 5 3 0.424351057316526
4 5 4 0.43450141563957956
4 5 7 0.06409007997874905
4 5 9 0.20432605373492596
4 5 10 0.47464380063934686
4 6 1 0.2328795398727076
4 6 2 0.22452203235442203
4 6 3 0.2990165409299448
4 6 4 0.27506858338059903
4 6 5 0.2570598497751876
4 6 6 0.23027205274788365
4 6 7 0.30090921846520735
4 6 8 0.3747893086655455
4 6 9 0.24585117716511595
4 6 10 0.05059157816752269
4 7 1 0.33221825513526615
4 7 2 0.32174184905277914
4 7 3 0.32326948405509004
4 7 4 0.10165856260420325
4 7 5 0.27174616456193024
4 7 6 0.2892119725882739
4 7 7 0.07473009115219309
4 7 8 0.31115730034011724
4 7 9 0.26895825380392935
4 7 10 0.3259147799990093
4 8 1 0.12351323638657485
4 8 2 0.48533090983034366
4 8 3 0.31621860825349246
4 8 5 0.014337540590191877
4 8 6 0.4261868939113638
4 8 7 0.4335889755356851
4 8 8 0.4383930072817426
4 8 9 0.22998172496326874
4 8 10 0.06458930787124606
4 9 1 0.14728684054028318
4 9 2 0.10309872158044608
4 9 3 0.46402680124439644
4 9 4 0.3317385734948375
4 9 5 0.24420156717278152
4 9 6 0.45928877145522784
4 9 7 0.008529062609653248
4 9 8 0.06146769482051084
4 9 9 0.21830519414790261
4 9 10 0.36250703867020473
4 10 1 0.22479017509365784
4 10 2 0.4362822500647523
4 10 3 0.49496319749084383
4 10 4 0.3705926193232859
4 10 5 0.08655014730079058
4 10 6 0.05957786392921938
4 10 8 0.2914254920586842
4 10 9 0.011068845457783971
4 10 10 0.07882383260231618
5 1 1 0.12814064783417956
5 1 2 0.42738978473833056
5 1 3 0.4155506050171286
5 1 4 0.3235837058567683
5 1 5 0.05978905344684027
5 1 7 0.11143941031791527
5 1 9 0.10175256419355838
5 1 10 0.3120165566795883
5 2 1 0.2639772145351623
5 2 3 0.42166410440549396
5 2 4 0.2610146819232503
5 2 5 0.07056710677691791
5 2 7 0.4114982089810596
5 2 8 0.11360388220743678
5 2 9 0.2042287513886154
5 3 1 0.4098103683091916
5 3 2 0.41257092076267676
5 3 3 0.2008964094061364
5 3 4 0.40619385435530797
5 3 5 0.49423717829797775
5 3 6 0.10782665160253957
5 3 7 0.41657489225431443
5 3 8 0.3143735940302711
5 3 9 0.2968574414399957
5 3 10 0.2518336676530928
5 4 2 0.1509703745230182
5 4 3 0.1928422173860348
5 4 4 0.0008650344399682153
5 4 5 0.21672522246232662
5 4 6 0.37464707938016373
5 4 7 0.1022688363485742
5 4 8 0.46465422053315253
5 4 9 0.37890084238092014
5 4 10 0.4110605001931129
5 5 1 0.27428577326367976
5 5 2 0.45836327315912084
5 5 5 0.16498161207820394
5 5 6 0.4346550453137752
5 5 7 0.20705658772767976
5 5 9 0.34061338238107053
5 6 1 0.15934575251372907
5 6 2 0.3968538692862016
5 6 4 0.39941531715751843
5 6 5 0.044602227625883284
5 6 6 0.38220257782200096
5 6 7 0.021543123972288747
5 6 8 0.2473268208496352
5 7 1 0.46940174586162986
5 7 2 0.305677673936534
5 7 3 0.04751464557560969
5 7 4 0.3556302635996642
5 7 5 0.40016350830511915
5 7 6 0.4792842330945014
5 7 7 0.24912092922655615
5 7 8 0.42859352978815
5 7 9 0.36640172474951904
5 7 10 0.3059524020265769
5 8 1 0.3591783794942842
5 8 2 0.3212591451099177
5 8 3 0.05244398170024689
5 8 4 0.3991304351676679
5 8 5 0.250958719497259
5 8 6 0.37572699398211584
5 8 7 0.13115548790407627
5 8 8 0.25974966038274383
5 8 9 0.030560452800873605
5 8 10 0.36666264142008753
5 9 2 0.19646234769891358
5 9 3 0.17794902860735407
5 9 4 0.017281749161582205
5 9 5 0.45224919755009796
5 9 6 0.12368549467474843
5 9 7 0.37900140566800955
5 9 8 0.3379520792142494
5 9 10 0.29316168918358354
5 10 1 0.4568354924364434
5 10 3 0.3962643325524797
5 10 4 0.24888760766604934
5 10 5 0.42854863640004914
5 10 6 0.48355702737218176
5 10 7 0.44442250597478816
5 10 8 0.17667710142732818
5 10 10 0.17859894608290006
6 1 2 0.14837188267938117
6 1 3 0.372194268483117
6 1 4 0.29997100263210064
6 1 5 0.2991991438631393
6 1 7 0.20593442286210284
6 1 9 0.4106111227561662
6 1 10 0.12411187685644343
6 2 2 0.38233269629471767
6 2 3 0.2654240253440685
6 2 4 0.34021785554978745
6 2 5 0.11026964273545581
6 2 6 0.028306458071641005
6 2 7 0.2573575465153498
6 2 8 0.030858799793917036
6 2 9 0.12233851172188681
6 2 10 0.48672534197786876
6 3 1 0.48405782792168006
6 3 2 0.08792176618184488
6 3 3 0.10668756350175079
6 3 4 0.15144309235598152
6 3 5 0.38703186724831184
6 3 7 0.2693535338886073
6 3 8 0.4204583292829188
6 3 9 0.22770839153290956
6 3 10 0.395925635349626
6 4 1 0.46149268991869674
6 4 2 0.4515166858737135
6 4 3 0.17801677599434396
6 4 4 0.19728629133312092
6 4 5 0.4857129806525208
6 4 6 0.24398912294568176
6 4 7 0.09685606545841496
6 4 8 0.43698891351664815
6 4 9 0.3420021954552259
6 4 10 0.43038217204454254
6 5 1 0.14284165578539854
6 5 2 0.4546080845248006
6 5 3 0.42354441336731197
6 5 4 0.28740300311393174
6 5 5 0.18401280603938952
6 5 6 0.2058766807024205
6 5 7 0.3135433628144325
6 5 8 0.1891009496720425
6 5 9 0.1919468165621736
6 5 10 0.2897524736238687
6 6 1 0.07279158785506024
6 6 3 0.08930855955013817
6 6 4 0.047135928702428886
6 6 5 0.41767723176689364
6 6 6 0.10768492281014186
6 6 7 0.006792516104003443
6 6 8 0.2590452928078276
6 6 9 0.17539351084087584
6 6 10 0.2690562896322273
6 7 3 0.48319667820068524
6 7 4 0.09925525080782915
6 7 5 0.19784585249943198
6 7 6 0.019008181062328156
6 7 7 0.0670008951143144
6 7 8 0.03799733860314647
6 7 9 0.12980239851247355
6 7 10 0.34532183006960093
6 8 1 0.43525720108846844
6 8 2 0.06087078304432769
6 8 3 0.4930754591694073
6 8 4 0.024079508278886053
6 8 5 0.49785232680422065
6 8 6 0.21317335264164872
6 8 7 0.047399847472822776
6 8 8 0.3687698421532343
6 8 10 0.35116283196207365
6 9 1 0.2945174977985311
6 9 2 0.2510284687398532
6 9 3 0.21549332598853255
6 9 4 0.30078105853916903
6 9 5 0.21916085540927777
6 9 6 0.35615892481067823
6 9 7 0.1805167130585078
6 9 8 0.326508518330349
6 9 9 0.40492991812497725
6 9 10 0.25410305398020017
6 10 1 0.37376441090618195
6 10 2 0.011531670412626704
6 10 3 0.03623293443150433
6 10 4 0.2990360653236882
6 10 6 0.092560431538394
6 10 7 0.2393598600604585
6 10 9 0.3993379555464972
6 10 10 0.41007597310849875
7 1 1 0.3575702426337811
7 1 2 0.13637701249808876
7 1 3 0.23312407866773877
7 1 4 0.3626770757443367
7 1 5 0.41066952786222866
7 1 6 0.29634103187721605
7 1 7 0.4573608384024316
7 1 8 0.0578534254694093
7 1 9 0.2969752544368648
7 1 10 0.2953657690215392
7 2 1 0.15389222168531325
7 2 2 0.27812594453453787
7 2 3 0.3871047647006739
7 2 4 0.299241068714147
7 2 5 0.0023443370021285492
7 2 6 0.15006350288189796
7 2 7 0.20159293339562223
7 2 8 0.3986088445709378
7 2 9 0.42443938933938785
7 2 10 0.2798264071691744
7 3 1 0.3944264143383659
7 3 2 0.34560226260620674
7 3 3 0.4375250966090255
7 3 4 0.09074052654683784
7 3 5 0.2493016541304781
7 3 7 0.27724488838301287
7 3 8 0.3269073253683946
7 3 9 0.15157124969497882
7 3 10 0.4202646096576129
7 4 1 0.05750970449324122
7 4 2 0.16256584505060023
7 4 3 0.2672416620817646
7 4 4 0.1388611376098865
7 4 5 0.26691685180117053
7 4 6 0.23923088594982378
7 4 7 0.22798576900276568
7 4 8 0.4778722253704768
7 4 9 0.4903730190679113
7 4 10 0.13486135483301576
7 5 1 0.35557805324054037
7 5 2 0.46690822365535467
7 5 3 0.4260886085135377
7 5 4 0.26342869380538714
7 5 5 0.3329818704527049
7 5 6 0.2733021706216169
7 5 7 0.2204237002023306
7 5 8 0.28775034410696687
7 5 9 0.34823776403537443
7 5 10 0.00184345877365244
7 6 1 0.4714132369170124
7 6 2 0.46476391807607653
7 6 3 0.15526857560430463
7 6 4 0.45743648772245993
7 6 5 0.09550827162970521
7 6 6 0.06398255685861376
7 6 7 0.0488167468511187
7 6 8 0.19175458452464722
7 6 9 0.4721997450832699
7 7 1 0.33634614940461804
7 7 2 0.037960690178111545
7 7 3 0.12667511400557285
7 7 4 0.40644121832596547
7 7 5 0.34436659254081625
7 7 6 0.44152765047547526
7 7 7 0.12945746635272992
7 7 8 0.30718482546578996
7 7 9 0.23081145574729078
7 7 10 0.06898211208838267
7 8 1 0.27557020727571313
7 8 2 0.498456837149829
7 8 3 0.2527999314086974
7 8 4 0.42074434292584983
7 8 5 0.020413770827910627
7 8 8 0.09860320879116502
7 8 9 0.09707475276382427
7 8 10 0.3685203096844326
7 9 1 0.07288211659438315
7 9 2 0.0027591948372068797
7 9 3 0.3359333989554979
7 9 4 0.43360789668224486
7 9 6 0.42558609402775727
7 9 7 0.2692714128138177
7 9 8 0.264526245375978
7 9 9 0.08883779071676501
7 9 10 0.4206127452355899
7 10 1 0.07116866958129908
7 10 3 0.4451730477422621
7 10 5 0.27276102656446466
7 10 6 0.4362097306426632
7 10 7 0.10996144968641053
7 10 8 0.2977448905653771
7 10 9 0.07549434197027882
7 10 10 0.3510853952889422
8 1 1 0.050858123445695735
8 1 2 0.3393572755424745
8 1 3 0.03782673010987714
8 1 4 0.4846375915052046
8 1 5 0.20050445561453123
8 1 6 0.3843026965312657
8 1 7 0.47340768162958236
8 1 8 0.19666059894362287
8 1 9 0.2665113845567334
8 1 10 0.32966174659264613
8 2 1 0.33470660297873933
8 2 2 0.39951081394291055
8 2 3 0.4870728647356607
8 2 4 0.18090224446310788
8 2 5 0.12820043252656066
8 2 6 0.3023830520148908
8 2 7 0.4493628584665902
8 2 8 0.3397982589995314
8 3 1 0.29971216641535015
8 3 2 0.04772333902440373
8 3 3 0.4879227129930198
8 3 4 0.45115257061213077
8 3 5 0.028021365701799472
8 3 6 0.4094768768575703
8 3 7 0.05888454180323044
8 3 8 0.09561150083905623
8 4 1 0.23580306038513343
8 4 2 0.15088739786810001
8 4 3 0.3621559890095887
8 4 6 0.14948590737842826
8 4 7 0.2632142262262446
8 4 8 0.41253599730116797
8 4 9 0.34394312804291005
8 4 10 0.3541739176410057
8 5 1 0.1128177305590019
8 5 2 0.47249229976775087
8 5 3 0.2710370715044028
8 5 4 0.4067345169122202
8 5 6 0.39826039914068057
8 5 7 0.2579178090558438
8 5 8 0.2459230098859967
8 5 9 0.3393127700242704
8 5 10 0.4918745796157671
8 6 1 0.4574410534846146
8 6 2 0.26628263253628104
8 6 3 0.31660133463961504
8 6 5 0.19934646171020987
8 6 6 0.09183885690425875
8 6 7 0.03600978848934344
8 6 8 0.010881030769566036
8 6 9 0.3953435263183277
8 6 10 0.2213319376552112
8 7 1 0.3298254424582825
8 7 2 0.1914747880007981
8 7 3 0.49672697687638157
8 7 4 0.12382085971945322
8 7 5 0.22147852341311303
8 7 6 0.22159697900955044
8 7 7 0.2440019773470844
8 7 10 0.2070904367156936
8 8 1 0.2863050853923752
8 8 2 0.14598169557555174
8 8 3 0.36214648725650966
8 8 4 0.17892326374013423
8 8 5 0.146808946301216
8 8 6 0.4070150601187532
8 8 7 0.37555596683051273
8 8 8 0.4392269363348317
8 8 9 0.2224686016902785
8 8 10 0.26507887702104993
8 9 1 0.35742435978083376
8 9 2 0.20850048816715305
8 9 3 0.01403795570724553
8 9 5 0.05417401055892801
8 9 6 0.36907073517305744
8 9 7 0.2861312655716042
8 9 8 0.255686552555516
8 9 9 0.2412689497736521
8 9 10 0.3805676640681802
8 10 1 0.13763749072639886
8 10 2 0.3805926111072734
8 10 5 0.03853239435318612
8 10 6 0.15432609728357993
8 10 7 0.09461735044221908
8 10 8 0.1004637559794811
8 10 9 0.3607681820100115
