title
n = 10
P = 15
1 1 10
1 2 2
1 3 2
1 4 7
1 5 6
1 6 5
1 7 3
1 8 7
1 9 9
1 10 4
2 1 1
2 2 4
2 3 4
2 4 4
2 5 6
2 6 5
2 7 8
2 8 8
2 9 10
2 10 3
3 1 8
3 2 7
3 3 1
3 4 5
3 5 4
3 6 3
3 7 3
3 8 7
3 9 9
3 10 1
4 1 10
4 2 10
4 3 10
4 4 4
4 5 6
4 6 2
4 7 7
4 8 8
4 9 4
4 10 3
5 1 8
5 2 9
5 3 10
5 4 8
5 5 8
5 6 3
5 7 8
5 8 3
5 9 9
5 10 3
6 1 9
6 2 10
6 3 1
6 4 7
6 5 4
6 6 4
6 7 4
6 8 9
6 9 10
6 10 5
7 1 4
7 2 7
7 3 9
7 4 10
7 5 8
7 6 9
7 7 9
7 8 3
7 9 9
7 10 6
8 1 1
8 2 2
8 3 6
8 4 8
8 5 9
8 6 10
8 7 10
8 8 5
8 9 6
8 10 3
9 1 8
9 2 7
9 3 6
9 4 4
9 5 7
9 6 6
9 7 9
9 8 10
9 9 10
9 10 3
10 1 2
10 2 7
10 3 1
10 4 5
10 5 9
10 6 8
10 7 5
10 8 8
10 9 8
10 10 5
1 1 2 0.4158641836612942
1 1 3 0.41292345558395616
1 1 4 0.22291631162090841
1 1 6 0.3425835092934215
1 1 7 0.08772061506626794
1 1 8 0.002722771115086009
1 1 9 0.15532250049314245
1 1 10 0.16425998238757433
1 2 1 0.4157687394048434
1 2 2 0.19428350503962244
1 2 3 0.16290128938802906
1 2 4 0.028746634636383828
1 2 5 0.008777212971714743
1 2 6 0.046400396055901516
1 2 8 0.3016590291132981
1 2 9 0.19616556380215933
1 3 1 0.36349814404320113
1 3 2 0.43896258114063347
1 3 3 0.1526768942783281
1 3 4 0.17088176234452934
1 3 5 0.460051083474714
1 3 6 0.2062983473631793
1 3 7 0.45739360990469125
1 3 8 0.2965654569991242
1 3 9 0.2351005302830994
1 3 10 0.1138580101272999
1 4 1 0.2147287006121762
1 4 2 0.04305892715769566
1 4 3 0.24081205651844118
1 4 5 0.1760029200075529
1 4 6 0.494647004152001
1 4 7 0.0714833201723698
1 4 8 0.3169912812231148
1 4 10 0.47855840477628475
1 5 1 0.03999486588887624
1 5 3 0.360522029258212
1 5 4 0.16485535185552302
1 5 5 0.09257307315537511
1 5 6 0.021104395543730448
1 5 7 0.3446563493790694
1 5 8 0.17355740070618852
1 5 9 0.0737995861550822
1 5 10 0.37728012420453827
1 6 1 0.29799487062030017
1 6 2 0.12067438952475218
1 6 3 0.4641361088329311
1 6 5 0.36888607631742376
1 6 6 0.2850597260437059
1 6 7 0.036993417486096414
1 6 8 0.1641425241564578
1 6 9 0.265215955579021
1 6 10 0.3308001948247309
1 7 1 0.391961593425489
1 7 2 0.4840108107950366
1 7 3 0.12962231779465716
1 7 4 0.21163468407578012
1 7 5 0.40371327348376673
1 7 6 0.3227331573831087
1 7 7 0.3433784213223199
1 7 8 0.46741800985469706
1 7 9 0.19397932549593944
1 7 10 0.2695131510568579
1 8 1 0.050309122903475445
1 8 2 0.19854561864930986
1 8 3 0.3343239150073273
1 8 4 0.269817707182315
1 8 5 0.10842026765501789
1 8 6 0.27624135657710813
1 8 7 0.15621068150114203
1 8 8 0.13905343407360504
1 8 9 0.4603158130164634
1 8 10 0.2689383915410951
1 9 1 0.34292050274529795
1 9 2 0.036885983954753954
1 9 4 0.3391371732848548
1 9 5 0.09079222116611285
1 9 6 0.49953973458270096
1 9 7 0.2062128003655599
1 9 9 0.29819715125525925
1 9 10 0.31505812376157183
1 10 2 0.2869463210155211
1 10 3 0.4049197097528848
1 10 4 0.35475558731531276
1 10 5 0.06322357019612479
1 10 6 0.15130489742678177
1 10 7 0.29827963725235485
1 10 8 0.3642005342131751
1 10 9 0.4714974741342114
1 10 10 0.12767777654957613
2 1 1 0.47179351529886027
2 1 2 0.30800520735459835
2 1 4 0.10871082389417819
2 1 5 0.062430979582228985
2 1 6 0.48218007144230224
2 1 7 0.41794770446204144
2 1 8 0.24356557378549226
2 1 9 0.0991851807564691
2 1 10 0.015425497660041532
2 2 1 0.24326391444591233
2 2 2 0.4346963915258295
2 2 3 0.23291101525003877
2 2 4 0.4069121757451244
2 2 5 0.05679914222821081
2 2 6 0.33879894105877373
2 2 7 0.2616780800693381
2 2 8 0.24254835709888967
2 2 9 0.1780749043550226
2 2 10 0.3705053511670857
2 3 1 0.2865824170186012
2 3 2 0.4378548838320433
2 3 3 0.47141164879450137
2 3 4 0.03410951132819273
2 3 5 0.3895382370326902
2 3 7 0.06371869077976511
2 3 10 0.3243272342308484
2 4 1 0.31492118511293477
2 4 2 0.01177855663158378
2 4 3 0.11517297188643183
2 4 4 0.39981454841115605
2 4 5 0.10081868129530402
2 4 6 0.21458478233044453
2 4 7 0.0696511305596218
2 4 8 0.196448482825213
2 4 9 0.033437395303583806
2 4 10 0.47208708783050757
2 5 1 0.10152914991852002
2 5 2 0.1487602171032344
2 5 3 0.36208478529871535
2 5 4 0.3800504847663678
2 5 5 0.09747743558014144
2 5 6 0.23450382091795907
2 5 7 0.371247340168782
2 5 8 0.4698350396634967
2 5 9 0.2737710944870432
2 5 10 0.22889640819986057
2 6 2 0.43696595752649137
2 6 3 0.037821712230631244
2 6 4 0.01574137142544385
2 6 5 0.33538583916639864
2 6 7 0.40828935293769
2 6 8 0.4509683022952714
2 6 9 0.4832874978214623
2 6 10 0.33686542638216443
2 7 1 0.44847347367363477
2 7 2 0.14144157943560232
2 7 3 0.4501000146272598
2 7 4 0.49698910146425956
2 7 5 0.03445225629632809
2 7 6 0.17679994679346211
2 7 7 0.26262458524301047
2 7 8 0.14430610619372986
2 7 9 0.06359438566378595
2 7 10 0.35511196655427557
2 8 1 0.4846981438279452
2 8 2 0.33156794274481993
2 8 3 0.12447833889438276
2 8 5 0.474072621061997
2 8 7 0.2313616608442225
2 8 8 0.2882371214331255
2 8 9 0.03375924897240845
2 8 10 0.39902919497412914
2 9 1 0.1799075002766185
2 9 2 0.4198256288312854
2 9 3 0.45317422251451445
2 9 4 0.4987926128845882
2 9 5 0.3121870399426203
2 9 6 0.39982851934477137
2 9 7 0.17435013537990285
2 9 10 0.4411027878490389
2 10 1 0.0053773690854296285
2 10 2 0.41006746817841067
2 10 3 0.3271711699131633
2 10 6 0.4713113147616843
2 10 7 0.16667601772500706
2 10 8 0.2742563977383714
2 10 9 0.056934802770028825
2 10 10 0.1356472390389214
3 1 1 0.17656710583970692
3 1 2 0.3611061809340059
3 1 3 0.3696160591598757
3 1 4 0.289391559087685
3 1 5 0.3524537347232286
3 1 6 0.33476519714072905
3 1 7 0.492184772752986
3 1 8 0.2670074418823193
3 1 9 0.2482804539618143
3 1 10 0.05700629334759433
3 2 2 0.06059637640355309
3 2 3 0.3003760273619638
3 2 4 0.33516791249687905
3 2 5 0.1724467742476744
3 2 6 0.2137036890202103
3 2 10 0.34596147907084296
3 3 1 0.32925548806640725
3 3 2 0.43480190637181004
3 3 3 0.08928695330119829
3 3 4 0.05742435208322949
3 3 5 0.14319132408392043
3 3 6 0.33955518785104655
3 3 7 0.34621631937953246
3 3 9 0.3219921937025676
3 3 10 0.1893516908438173
3 4 1 0.46172473244995893
3 4 2 0.40018013806849717
3 4 4 0.4706738202572057
3 4 5 0.18183397226125875
3 4 6 0.29103045520400306
3 4 7 0.18524019043363826
3 4 9 0.18609629428193875
3 4 10 0.27868073006600447
3 5 1 0.31083873430429687
3 5 2 0.29089710504857047
3 5 3 0.01835250139751743
3 5 4 0.055052364601876014
3 5 5 0.3507152400413922
3 5 6 0.12062339565628111
3 5 7 0.0018580192459367595
3 5 9 0.38444318436061864
3 5 10 0.08093728215415796
3 6 1 0.3763739057939741
3 6 2 0.3393668278475991
3 6 3 0.30797844523553286
3 6 4 0.015772100117474097
3 6 5 0.34376296468020395
3 6 6 0.38874608997737825
3 6 7 0.47022843917683266
3 6 8 0.41961317031105794
3 6 9 0.24779852690316895
3 6 10 0.06036943846588316
3 7 1 0.12907486592296513
3 7 2 0.42594795208005753
3 7 3 0.1496170432398205
3 7 4 0.03478164227904046
3 7 6 0.3850315930272815
3 7 7 0.2394187404840996
3 7 8 0.22844011083279303
3 7 9 0.3168469554133281
3 7 10 0.24673961740480876
3 8 1 0.48005625442452504
3 8 3 0.20216006534806585
3 8 4 0.2057631499072824
3 8 5 0.1727075204279297
3 8 6 0.03592434340675632
3 8 7 0.18797918114673673
3 8 8 0.1529900376070974
3 9 1 0.14123966006583633
3 9 2 0.15120570234278963
3 9 3 0.2386026033327282
3 9 4 0.16784006766761783
3 9 5 0.46228576397824883
3 9 6 0.24868907364417303
3 9 7 0.21815369193185374
3 9 9 0.10243718789998157
3 9 10 0.26205917147359814
3 10 1 0.2964144523762421
3 10 2 0.01609327862618537
3 10 3 0.3756038008939584
3 10 5 0.44425654708001894
3 10 6 0.02133455681717955
3 10 8 0.0872855311893127
3 10 9 0.3639202445330253
3 10 10 0.4431111657211956
4 1 1 0.10087441551017062
4 1 2 0.24178395006312847
4 1 3 0.43108590767131294
4 1 7 0.2636373431063941
4 1 8 0.3329043546451017
4 1 9 0.22870488311416004
4 1 10 0.2516448966006828
4 2 1 0.47139485048969043
4 2 2 0.4023596303415353
4 2 3 0.07811405400334559
4 2 4 0.21875794623181555
4 2 5 0.14946370883836357
4 2 6 0.05777170446606139
4 2 7 0.18130411624141052
4 2 8 0.09332638997684961
4 2 9 0.19741964511060028
4 2 10 0.07031850015250285
4 3 1 0.48232699008738666
4 3 2 0.277327164600207
4 3 3 0.45883394186686843
4 3 4 0.28169517999893157
4 3 5 0.2766278270951633
4 3 7 0.4605103445095635
4 3 9 0.2724725989714285
4 3 10 0.39159162136378756
4 4 2 0.2698845302424121
4 4 3 0.3846477425488031
4 4 4 0.31911087896413104
4 4 5 0.0824350638604805
4 4 6 0.48872169824569134
4 4 7 0.0691901967457943
4 4 8 0.23764751465313771
4 4 9 0.44773848892077495
4 4 10 0.12539469060264652
4 5 1 0.4508606533353703
4 5 2 0.45778674380842066
4 5 3 0.19458480956571644
4 5 4 0.3070211100352449
4 5 5 0.22016865410525766
4 5 7 0.42498786116715803
4 5 8 0.40579974236341954
4 5 9 0.4100432089031977
4 5 10 0.3478584626968222
4 6 1 0.1902104746174853
4 6 2 0.47387369007691416
4 6 3 0.11406725214634006
4 6 4 0.4418071309597018
4 6 5 0.1584842282637684
4 6 6 0.10946340793752973
4 6 7 0.33447561117076474
4 6 8 0.158353743934599
4 6 9 0.30294622539603855
4 6 10 0.0418624157881301
4 7 1 0.2839313577373713
4 7 3 0.39241119758314447
4 7 4 0.36150962671589815
4 7 5 0.37369210467216063
4 7 6 0.022831916730646218
4 7 7 0.18286119245661148
4 7 8 0.29583201224043365
4 7 9 0.1995818131192817
4 7 10 0.06455440871344709
4 8 1 0.10335353474763986
4 8 2 0.33678680465385313
4 8 3 0.15404868085208423
4 8 4 0.241694651009826
4 8 5 0.36834583302204693
4 8 6 0.3313348183161444
4 8 7 0.04930111712783214
4 8 8 0.4891594080072613
4 8 10 0.30007788722007334
4 9 1 0.47049572289304
4 9 2 0.4890589063457803
4 9 3 0.37704969324240034
4 9 5 0.1768967610082135
4 9 6 0.08844091692880063
4 9 7 0.14974790624956258
4 9 8 0.13878642318361523
4 9 9 0.06782781570344976
4 9 10 0.4322876404866144
4 10 1 0.06464903043835346
4 10 2 0.4198627786193184
4 10 3 0.44176222446352953
4 10 4 0.3591159912551104
4 10 5 0.3675728162324773
4 10 6 0.370376244959123
4 10 7 0.31221636417430687
4 10 8 0.4245407559939087
4 10 9 0.2818674318227723
4 10 10 0.2837961360988207
5 1 1 0.3326982162076183
5 1 2 0.1296625329771629
5 1 3 0.2580756663322571
5 1 4 0.31051891784492036
5 1 5 0.33858687938631504
5 1 6 0.1505762010188877
5 1 7 0.2780010957650896
5 1 8 0.13337283743303097
5 1 9 0.23976199770821793
5 1 10 0.28437935732150865
5 2 1 0.32764049392935735
5 2 2 0.31297006617544265
5 2 3 0.02102418153031471
5 2 4 0.06174305727782681
5 2 5 0.4040412509521998
5 2 6 0.38334665856310846
5 2 7 0.040923002429853805
5 2 8 0.45372209170057587
5 2 10 0.14214839111281596
5 3 1 0.1975830863141338
5 3 2 0.3519639834553199
5 3 3 0.29682068456001587
5 3 4 0.38594501939307646
5 3 5 0.3473266481899149
5 3 6 0.0769485073547278
5 3 7 0.21302778977124937
5 3 8 0.07332031943747475
5 3 9 0.01358344090891217
5 3 10 0.09480962088768563
5 4 1 0.21930649474513786
5 4 2 0.4120678292016976
5 4 3 0.36564777637689194
5 4 4 0.12209019007331323
5 4 5 0.009594237949497542
5 4 6 0.4916763338789899
5 4 7 0.3726964776272408
5 4 9 0.36939973006575133
5 4 10 0.2854053163170801
5 5 1 0.4302173534020607
5 5 2 0.4741119262842366
5 5 3 0.4868835029874129
5 5 4 0.4196597553852499
5 5 5 0.11301973555913358
5 5 6 0.3669106832408273
5 5 7 0.3095325889568106
5 5 8 0.18261125178569448
5 6 1 0.47616018074944655
5 6 2 0.18673694536181162
5 6 4 0.234225968486929
5 6 5 0.25946099231512876
5 6 6 0.111182141648964
5 6 7 0.2128191998207848
5 6 8 0.14856688639575855
5 7 1 0.18286823670365915
5 7 2 0.10909795995402971
5 7 3 0.26197620128273613
5 7 5 0.1048694315881662
5 7 6 0.40091567546146745
5 7 7 0.06515151451705958
5 7 8 0.0678299393118198
5 7 10 0.26926225665479886
5 8 2 0.15774996715903433
5 8 4 0.45415766504199717
5 8 5 0.4685710003534176
5 8 6 0.02120916657399885
5 8 7 0.1722478091595191
5 8 9 0.4331160875599239
5 8 10 0.49563008755217763
5 9 2 0.23143472757662165
5 9 3 0.46329688081821563
5 9 4 0.470979544389156
5 9 5 0.36687031073783294
5 9 6 0.3894554223857791
5 9 7 0.34534510814900043
5 9 8 0.05824537698662968
5 9 9 0.009866157838133827
5 9 10 0.3746799299861814
5 10 1 0.06134336658951556
5 10 2 0.005303026253645204
5 10 3 0.4870392764186202
5 10 4 0.3393059686267652
5 10 5 0.35502613951089956
5 10 6 0.039090368841595224
5 10 7 0.35347869767676143
5 10 8 0.14052674371950746
5 10 9 0.15338336381909512
6 1 1 0.3574019011080245
6 1 2 0.37382268748728587
6 1 4 0.33188298973492236
6 1 5 0.48795993746240907
6 1 6 0.4805598733082459
6 1 7 0.24761720265535225
6 1 8 0.02202997332593082
6 1 9 0.11740935305581046
6 1 10 0.30695585995419694
6 2 1 0.29056362755005916
6 2 2 0.20287322521841056
6 2 3 0.009966177020475642
6 2 4 0.4411140773539448
6 2 5 0.3231332512150772
6 2 6 0.40692569817334756
6 2 9 0.4530457870529869
6 2 10 0.2894945794315186
6 3 1 0.3806294452000667
6 3 2 0.4661314240873635
6 3 3 0.08974309121479263
6 3 5 0.06293033383200097
6 3 6 0.4532844538705202
6 3 7 0.026519454382409657
6 3 8 0.28649764585373483
6 3 9 0.4778416570030404
6 3 10 0.3073492646308674
6 4 1 0.4678849699305271
6 4 2 0.09982974257039867
6 4 3 0.44749956571643956
6 4 4 0.1437272981402603
6 4 5 0.07772030974162103
6 4 6 0.08007978404570981
6 4 7 0.12280569539743735
6 4 8 0.04436236531061888
6 4 9 0.4770936662077191
6 4 10 0.20971466053656806
6 5 1 0.23841152946648692
6 5 2 0.19030309705976978
6 5 3 0.0032227784651870373
6 5 4 0.2733758010762265
6 5 5 0.08388524980767398
6 5 6 0.4736088593262736
6 5 7 0.21981469524578212
6 5 8 0.14180920934208785
6 5 9 0.2410072685054503
6 5 10 0.23456706606974953
6 6 1 0.3960355737163421
6 6 2 0.05802559364518922
6 6 4 0.3340323100518231
6 6 6 0.36451490176482537
6 6 7 0.4887375161643678
6 6 8 0.2572095222180375
6 6 9 0.32994696078692154
6 6 10 0.19045544015073046
6 7 1 0.43833085234068214
6 7 2 0.43236742123811966
6 7 3 0.08972040372892442
6 7 4 0.12625455632112725
6 7 5 0.11714534395233267
6 7 6 0.36408014339345296
6 7 7 0.2574683006310048
6 7 8 0.1527020808798536
6 7 10 0.45140924229637125
6 8 1 0.21767036416061702
6 8 2 0.34650178086178873
6 8 3 0.2859040737823837
6 8 4 0.349198069172461
6 8 5 0.24962970818860164
6 8 6 0.15788746275923804
6 8 7 0.12622937124607214
6 8 8 0.47728219732337207
6 8 9 0.00403103622682166
6 8 10 0.18519550655827544
6 9 1 0.008312711312599697
6 9 2 0.09446669434714228
6 9 3 0.13505090748640158
6 9 4 0.27487835021297147
6 9 5 0.24324410700044963
6 9 6 0.04327608728648691
6 9 8 0.23874322052583097
6 9 9 0.48183582055407614
6 9 10 0.3214626764202797
6 10 1 0.4211974502045386
6 10 2 0.01118687429311005
6 10 3 0.17354678647747135
6 10 4 0.2448191342287256
6 10 5 0.14029568714316176
6 10 6 0.14730944223806053
6 10 7 0.4535996007969181
6 10 8 0.0012104852726166904
6 10 9 0.16145354040175608
6 10 10 0.24586766553916872
7 1 1 0.465229636666621
7 1 3 0.43462754923762925
7 1 4 0.14609242469363448
7 1 5 0.11991810732902042
7 1 6 0.35314529990962196
7 1 7 0.16484964014488923
7 1 8 0.481407726659134
7 1 9 0.27248498800265886
7 1 10 0.23139428308304322
7 2 1 0.07749952974589747
7 2 2 0.4256207197383476
7 2 3 0.058211487660438044
7 2 4 0.15383435920558775
7 2 5 0.461447113766265
7 2 6 0.4009063671703539
7 2 7 0.3135876713445893
7 2 8 0.2160409164766911
7 2 9 0.47663921675619625
7 2 10 0.4380618992343368
7 3 1 0.007372642603181712
7 3 2 0.4359967471128072
7 3 3 0.12263820085614019
7 3 4 0.005614449255813225
7 3 5 0.08667039923152253
7 3 6 0.2543153653618019
7 3 7 0.08242500574834699
7 3 8 0.25276392163906725
7 3 9 0.24260176800181632
7 3 10 0.3239995672386021
7 4 1 0.2057937674967889
7 4 2 0.046830198998776496
7 4 3 0.15249053734493012
7 4 4 0.17713660925369856
7 4 6 0.2218289938842659
7 4 7 0.07181442405773264
7 4 8 0.056412706501392185
7 4 9 0.39342240055665345
7 4 10 0.32845704400721987
7 5 1 0.19139590941629148
7 5 3 0.12230634335780755
7 5 4 0.03537430162350641
7 5 5 0.18305773455847052
7 5 6 0.40137169776208026
7 5 7 0.2920907887762527
7 5 8 0.3941415522665376
7 5 9 0.16563049930147578
7 5 10 0.22544661901586371
7 6 1 0.1429078982739036
7 6 2 0.34017335504935553
7 6 3 0.4971914007462056
7 6 5 0.050918610042362866
7 6 7 0.4406169001265178
7 6 8 0.2638454782831212
7 6 9 0.16631812634285648
7 6 10 0.27042767314829874
7 7 1 0.03933394686921454
7 7 2 0.19316689312286328
7 7 4 0.3254256353072116
7 7 5 0.0032797471982806137
7 7 6 0.07489397524090591
7 7 7 0.4328133161357496
7 7 8 0.16238384781444848
7 7 9 0.11503907611305708
7 7 10 0.329010148890467
7 8 1 0.4167850391537823
7 8 2 0.13365067245006734
7 8 3 0.18877487098847834
7 8 4 0.44311232229827424
7 8 5 0.21723297531610852
7 8 6 0.3130396688758088
7 8 7 0.29222497117458157
7 8 8 0.015529018834207098
7 8 9 0.10164054554055091
7 8 10 0.02483472051524127
7 9 1 0.08836998795367124
7 9 2 0.3206100763362373
7 9 3 0.40556584010633423
7 9 4 0.3859885691851739
7 9 5 0.3071293342751673
7 9 6 0.2272059775199322
7 9 7 0.4045289011245944
7 9 8 0.0584464793061249
7 9 9 0.4735586079608184
7 9 10 0.4484694246780049
7 10 1 0.3561263130816269
7 10 2 0.28998271090383276
7 10 3 0.19213211601960167
7 10 5 0.4021253760478082
7 10 6 0.30165546260547604
7 10 7 0.19363571894623055
7 10 8 0.12549502441816462
7 10 9 0.42818227777353157
8 1 1 0.02873864856966779
8 1 2 0.48719126684501013
8 1 5 0.17523095259683574
8 1 6 0.09836337017518049
8 1 7 0.3933970241049368
8 1 8 0.35151784703981037
8 1 10 0.27134070641448327
8 2 1 0.4297531028874495
8 2 3 0.17124096309066217
8 2 4 0.39608800891335805
8 2 5 0.34660678234350095
8 2 6 0.33200822448429645
8 2 7 0.19668354955430023
8 2 9 0.09972166120903392
8 2 10 0.48012861510827154
8 3 1 0.33510961295939345
8 3 2 0.14781874781686288
8 3 3 0.3234193302815036
8 3 4 0.4366568037827334
8 3 5 0.33217903990572994
8 3 6 0.41220376536634995
8 3 7 0.29388793899551224
8 3 8 0.45055233009875895
8 3 9 0.249197332524986
8 3 10 0.10780810119261497
8 4 1 0.18729149969469072
8 4 3 0.004745685078235473
8 4 4 0.49867274839948306
8 4 5 0.22784391739971466
8 4 6 0.15157187870035826
8 4 7 0.49270976707546366
8 4 8 0.057605024185105935
8 4 9 0.4601663675220422
8 4 10 0.30443911569943505
8 5 1 0.3964469885820687
8 5 4 0.33441017845887444
8 5 5 0.4754631996662064
8 5 7 0.16685412620469464
8 5 8 0.4078034305250947
8 5 9 0.38810051169874316
8 5 10 0.3873020829948657
8 6 1 0.46165450030350763
8 6 2 0.45132229999255324
8 6 4 0.14078098570941555
8 6 5 0.06046910634550884
8 6 6 0.02271946551827997
8 6 7 0.4855988567118509
8 6 9 0.10657489477350013
8 6 10 0.2902277111069649
8 7 1 0.12652723907619123
8 7 2 0.19033225298230017
8 7 3 0.035854227263983685
8 7 4 0.15538885400722646
8 7 5 0.38992152102662725
8 7 6 0.006722222177401815
8 7 7 0.12708760323988744
8 7 8 0.4247517242405471
8 7 9 0.22116138361877236
8 8 1 0.13893482668126134
8 8 2 0.3345699909556962
8 8 3 0.018143438111314247
8 8 4 0.4915414540602143
8 8 6 0.2297061334861985
8 8 7 0.04937957246760416
8 8 8 0.3535402089059524
8 8 9 0.1310554864854755
8 8 10 0.0031117101490309995
8 9 1 0.07625335377071263
8 9 2 0.2913144099079855
8 9 3 0.4226515009717067
8 9 4 0.3451782864623514
8 9 6 0.15513531450493045
8 9 7 0.05492629513392966
8 9 8 0.3065190863441719
8 9 10 0.4266545046104222
8 10 1 0.49395405270193193
8 10 2 0.40974499851736035
8 10 4 0.07064350851239509
8 10 5 0.12409879032124993
8 10 6 0.41649421974814693
8 10 7 0.12408523007484196
8 10 8 0.14820051297169667
8 10 9 0.10642451204895631
8 10 10 0.2466653423846319
9 1 1 0.0785589604026502
9 1 2 0.2042784337464898
9 1 3 0.03367657882548092
9 1 5 0.44005981139650285
9 1 6 0.15184133021474921
9 1 7 0.4894274886523451
9 1 8 0.4091222852430455
9 1 9 0.05717791261741756
9 1 10 0.4396390070836056
9 2 1 0.0770809095275351
9 2 2 0.08825750156583256
9 2 3 0.42110101897851493
9 2 4 0.32487769592840865
9 2 5 0.18969309932540845
9 2 6 0.025029882423749816
9 2 8 0.02061505799041352
9 2 9 0.31319064300235355
9 2 10 0.4485708110820672
9 3 1 0.4576775380359144
9 3 2 0.13974323655430043
9 3 3 0.43438103862168653
9 3 4 0.2989652747542093
9 3 5 0.2822563076373169
9 3 6 0.32520812898492213
9 3 7 0.17574378893061615
9 3 9 0.062948154347087
9 3 10 0.44699803750678757
9 4 1 0.16722578244005903
9 4 2 0.22127231542309522
9 4 3 0.008320698475689836
9 4 4 0.321481727275962
9 4 5 0.2393200551957746
9 4 6 0.3916575562092731
9 4 7 0.23494827076253755
9 4 8 0.2562185658774908
9 4 9 0.4574365742910469
9 4 10 0.49168060153881255
9 5 1 0.18590972694115704
9 5 2 0.4590747378725478
9 5 3 0.20272089046352304
9 5 5 0.39798275109790304
9 5 6 0.198988226128882
9 5 7 0.33365609044854194
9 5 8 0.16436336155170606
9 5 9 0.31725087708850075
9 5 10 0.4951596892643002
9 6 1 0.3415758948975741
9 6 2 0.15430079027393606
9 6 3 0.24865534355500407
9 6 4 0.33919961795410614
9 6 6 0.10619774657287284
9 6 7 0.20231585353691306
9 6 8 0.35830738412229846
9 6 9 0.05499757900770519
9 6 10 0.10990402478189398
9 7 1 0.2085542606086841
9 7 2 0.10138516233207362
9 7 3 0.44858646884235587
9 7 4 0.20627573078503592
9 7 5 0.4809287374551775
9 7 6 0.006736550362517302
9 7 7 0.08348341924006708
9 7 8 0.2701459473451967
9 7 10 0.4245410634110506
9 8 1 0.10609701112030523
9 8 2 0.23512050937751716
9 8 3 0.3791247015517638
9 8 4 0.21147581902997614
9 8 5 0.4998823175443561
9 8 6 0.46474515516275605
9 8 7 0.360043440129022
9 8 8 0.041701639575375093
9 8 9 0.3685535056072441
9 8 10 0.05806117073515338
9 9 1 0.278217807000552
9 9 2 0.18148074374800727
9 9 3 0.2855997618752092
9 9 4 0.2952765168464625
9 9 5 0.2779793426814715
9 9 7 0.08247884134379246
9 9 8 0.37694959327582234
9 9 9 0.2848187038343516
9 9 10 0.05850649136910835
9 10 1 0.02493883046438683
9 10 2 0.46080027351422415
9 10 3 0.22516172346808738
9 10 4 0.20866131346482564
9 10 6 0.41142769287959313
9 10 7 0.48097631139849006
9 10 8 0.4800925883842252
9 10 9 0.46173496090408084
9 10 10 0.4161392170304268
10 1 1 0.3764884195954572
10 1 2 0.2958561843988793
10 1 3 0.3095431834623179
10 1 4 0.32979791448819207
10 1 5 0.36049642517625036
10 1 6 0.4668257216114847
10 1 7 0.02767187485174949
10 1 8 0.49672077169200013
10 1 9 0.11135222166486258
10 2 1 0.3889357685228392
10 2 2 0.055592012323059214
10 2 3 0.49603448392380634
10 2 4 0.47449129211813335
10 2 5 0.33320363934335007
10 2 8 0.25072454670204525
10 2 9 0.23712038595439533
10 2 10 0.3429570992624842
10 3 1 0.15110287667096567
10 3 2 0.3073896655582239
10 3 3 0.04665917910628459
10 3 4 0.32356482763794514
10 3 5 0.19629419619202704
10 3 6 0.33521264431944076
10 3 7 0.09403902328947988
10 3 8 0.3431435615836099
10 3 9 0.043364486792149326
10 3 10 0.00853533541535123
10 4 1 0.01823368604574971
10 4 2 0.21425450146791059
10 4 3 0.34345432580516133
10 4 5 0.25773422878931007
10 4 6 0.142861428009615
10 4 7 0.09869533800874397
10 4 8 0.40783198169445023
10 4 9 0.25902097908979804
10 4 10 0.08651548097806705
10 5 1 0.2801053629265938
10 5 2 0.376654225943988
10 5 3 0.2354866502646089
10 5 4 0.32425489145073005
10 5 6 0.16419442229138814
10 5 7 0.11153697767522097
10 5 8 0.3828405031596466
10 5 9 0.3411819577688572
10 6 1 0.35743600237888273
10 6 2 0.18961624240575092
10 6 3 0.0865711819991205
10 6 4 0.22829357152051954
10 6 6 0.10758521315605019
10 6 7 0.12884619688600707
10 6 8 0.1641166204219333
10 6 9 0.13444829961199023
10 6 10 0.2856454727665534
10 7 1 0.3726301068320784
10 7 2 0.4961527824477656
10 7 3 0.18481537283499438
10 7 4 0.003230999959604186
10 7 5 0.3864593139869643
10 7 6 0.3628484698695996
10 7 7 0.4970750688347413
10 7 8 0.22380274740674844
10 7 9 0.3509640293718964
10 7 10 0.4054640477768563
10 8 1 0.39920766469250857
10 8 2 0.4259892944071393
10 8 5 0.1986821384525147
10 8 6 0.18798094743047344
10 8 8 0.4933228930880247
10 8 9 0.462853227679365
10 8 10 0.297920930007177
10 9 1 0.03423751333938907
10 9 2 0.24555904864681033
10 9 3 0.43489233450863674
10 9 5 0.29147341691055917
10 9 6 0.1717507748491024
10 9 7 0.011743440736444177
10 9 8 0.13623218184661767
10 9 9 0.41282696022511167
10 9 10 0.47279206033547416
10 10 1 0.16768990319446153
10 10 2 0.34528561813575376
10 10 3 0.008659306900980268
10 10 4 0.18684898964431418
10 10 5 0.11038079788835709
10 10 6 0.1299600678534003
10 10 7 0.26033541138297445
10 10 8 0.4956909075165672
10 10 9 0.4053330445029847
10 10 10 0.3146629085730034
11 1 1 0.10709293909362871
11 1 2 0.3625072283265691
11 1 3 0.06698926534581984
11 1 4 0.19589269222493322
11 1 5 0.3777043228180983
11 1 6 0.09536925032020627
11 1 9 0.4590738039306005
11 1 10 0.19658356845967895
11 2 1 0.30245852964106945
11 2 3 0.4128747453534266
11 2 4 0.4343557400837156
11 2 5 0.48107047878084375
11 2 6 0.2725727149312779
11 2 7 0.4668441079831819
11 2 8 0.4731452091245193
11 2 9 0.4247285397779824
11 2 10 0.13961954244804065
11 3 1 0.3662081712327353
11 3 3 0.3565496325904012
11 3 4 0.49296001815344925
11 3 5 0.07543120980393592
11 3 6 0.27712538747501014
11 3 7 0.291413518312829
11 3 8 0.07954709228674162
11 3 9 0.24438783239930195
11 3 10 0.15816048111190562
11 4 1 0.3453914204815811
11 4 2 0.19293260653409883
11 4 3 0.470154437778038
11 4 4 0.49493538206950793
11 4 5 0.2778221521492251
11 4 6 0.07140984652133786
11 4 8 0.017359965207328742
11 4 9 0.4004499433906974
11 4 10 0.1461732552482755
11 5 1 0.06656916938457202
11 5 2 0.47551851346442886
11 5 3 0.29548826377449733
11 5 4 0.06981888618103183
11 5 5 0.2738520653544718
11 5 6 0.3766535216100031
11 5 7 0.3311832423893686
11 5 8 0.39527205704193524
11 5 9 0.24976409721121218
11 5 10 0.08436105187239629
11 6 1 0.03378257545055996
11 6 2 0.39175018640648607
11 6 3 0.37411875984815146
11 6 4 0.024898533522947908
11 6 5 0.4711206254654322
11 6 6 0.42644349588686337
11 6 7 0.4503133840870952
11 6 8 0.37602812830345256
11 6 9 0.4409649324876873
11 6 10 0.4167056652112393
11 7 1 0.2527220324085664
11 7 2 0.3366069351009393
11 7 3 0.11319189596826529
11 7 4 0.44897537756134553
11 7 5 0.2290136324067138
11 7 6 0.20576094678399526
11 7 7 0.2295265112916739
11 7 8 0.1954705990028095
11 7 10 0.21439518532000212
11 8 1 0.2679136121469665
11 8 2 0.3195800607059177
11 8 3 0.17958738936264151
11 8 5 0.20192469656909606
11 8 7 0.37369008686426775
11 8 8 0.1706963417482158
11 8 9 0.01658996545601299
11 8 10 0.2020859495003331
11 9 2 0.3821930680207334
11 9 3 0.13214888979147388
11 9 4 0.23716830159679791
11 9 5 0.041368172522773694
11 9 6 0.23420835904317627
11 9 7 0.25799143589179063
11 9 8 0.09828088340348873
11 9 9 0.23237733835884467
11 9 10 0.36840568780417704
11 10 1 0.4912975040912758
11 10 2 0.24046871356807198
11 10 3 0.013447090404795192
11 10 4 0.11940392908701447
11 10 5 0.2042280803592177
11 10 6 0.4151621272842969
11 10 7 0.05173814050755121
11 10 8 0.06759107173023782
11 10 9 0.3319508938959277
11 10 10 0.2147023619584313
12 1 1 0.4059387555271702
12 1 2 0.2560684481469181
12 1 3 0.1794736985657822
12 1 4 0.1318406252320976
12 1 5 0.30223922908172773
12 1 6 0.37667384643830726
12 1 7 0.3674155001965137
12 1 8 0.3165221140823635
12 1 9 0.051485535781105596
12 1 10 0.20684626467688605
12 2 1 0.2561285214996947
12 2 2 0.24390965523010388
12 2 3 0.03274351408267118
12 2 4 0.08615186743487957
12 2 5 0.49960001768432005
12 2 6 0.40346546197111266
12 2 7 0.0793547013607262
12 2 9 0.11346600568794096
12 2 10 0.0610914161809577
12 3 1 0.3270647954338689
12 3 2 0.2322710047270241
12 3 4 0.13510529342180577
12 3 5 0.47103513612741055
12 3 7 0.3984498911157184
12 3 8 0.34343120328167476
12 3 9 0.4127164554602306
12 3 10 0.49800473038478965
12 4 2 0.38332710946307846
12 4 3 0.11133749984919117
12 4 4 0.036303971856319395
12 4 5 0.28206633866271447
12 4 6 0.2719758586472678
12 4 7 0.18654154930840183
12 4 8 0.1250916620011182
12 4 9 0.24897823764310234
12 4 10 0.027981376749344755
12 5 1 0.0845368970684145
12 5 2 0.21758642808910988
12 5 3 0.25413138121346945
12 5 4 0.18561066865261056
12 5 5 0.35847422559649367
12 5 7 0.35708853724589784
12 5 8 0.19156121516803215
12 5 9 0.3223521621585823
12 5 10 0.4785229209588232
12 6 1 0.07987261135729973
12 6 2 0.43464071908825963
12 6 3 0.24345810016248493
12 6 4 0.4421916193878044
12 6 5 0.10680678156119772
12 6 6 0.13863565339947737
12 6 7 0.27412364455117655
12 6 8 0.15051845561345978
12 6 9 0.38182339812274946
12 6 10 0.08797350558978534
12 7 1 0.06980978735363463
12 7 2 0.26864654302567703
12 7 3 0.4606077435286251
12 7 4 0.48638324973339053
12 7 5 0.04099665428128996
12 7 6 0.02766991893533144
12 7 7 0.054306635516391255
12 7 8 0.13321576601287388
12 7 9 0.38201942072314277
12 7 10 0.06163616707867048
12 8 1 0.24548881514290943
12 8 2 0.46825140343261495
12 8 4 0.42330576739241266
12 8 5 0.23592184387413184
12 8 6 0.11420742976009524
12 8 8 0.041534514692238456
12 8 9 0.21006974423727798
12 8 10 0.3224911681396574
12 9 1 0.11407737185043798
12 9 2 0.46102317155860173
12 9 3 0.02194507359154707
12 9 4 0.37478398068906116
12 9 5 0.4439865647221011
12 9 6 0.10246937835990155
12 9 7 0.015514804599236598
12 9 8 0.07947194016782777
12 9 10 0.24601870601748954
12 10 2 0.49569907453642026
12 10 3 0.38564984064205754
12 10 4 0.30182199911719854
12 10 6 0.17114552074796185
12 10 7 0.14393790478252078
12 10 8 0.1954738502886354
12 10 9 0.20442673779725606
12 10 10 0.22752790476575968
13 1 1 0.3257019169124321
13 1 2 0.2933924894245121
13 1 3 0.0921512498909649
13 1 4 0.4408063131652753
13 1 5 0.1427280668086497
13 1 6 0.14581693148428854
13 1 7 0.37797921532970624
13 1 8 0.33027479806337157
13 1 9 0.34650047240837534
13 1 10 0.009318273511583097
13 2 1 0.4132368277572507
13 2 2 0.14010263542801193
13 2 3 0.45373059567513363
13 2 4 0.18062667368630658
13 2 5 0.11311419043882953
13 2 6 0.11397628387749259
13 2 7 0.10783375379911986
13 2 8 0.1794177909078244
13 2 9 0.41987483767391864
13 2 10 0.06917455056039135
13 3 1 0.2114534138833476
13 3 2 0.3458579755585407
13 3 3 0.42265420979923807
13 3 4 0.01454632734379424
13 3 5 0.47119802669650146
13 3 6 0.4086117600199277
13 3 7 0.19471389783945492
13 3 8 0.15636345787227712
13 3 9 0.34415288865749893
13 4 1 0.0944340543549439
13 4 2 0.21342763767629558
13 4 3 0.01529491779504355
13 4 4 0.34429191772208756
13 4 5 0.18140948054689265
13 4 7 0.37804855696173956
13 4 8 0.05652407791565639
13 4 9 0.37617048289514465
13 5 1 0.3330343017303633
13 5 2 0.415273382680159
13 5 3 0.34242340681900907
13 5 5 0.18132222742443604
13 5 6 0.20568207268790095
13 5 7 0.2254859295865882
13 5 8 0.36539131490639654
13 5 9 0.007991350433029232
13 5 10 0.2584435390208971
13 6 1 0.2592721043310626
13 6 2 0.34521170643810484
13 6 3 0.44818414347938684
13 6 4 0.4218317874320592
13 6 5 0.0062680469126711325
13 6 7 0.15950312619970153
13 6 8 0.2884894652503056
13 6 9 0.26130997611299067
13 6 10 0.2891921700633431
13 7 1 0.1747184418427239
13 7 3 0.24798471010177336
13 7 4 0.29855320666913676
13 7 5 0.11698676790350337
13 7 6 0.35271994431458753
13 7 7 0.005998421355154271
13 7 8 0.4678187219707567
13 7 9 0.41281114224567816
13 7 10 0.22873206082513797
13 8 1 0.33104310781375856
13 8 2 0.3197821894913523
13 8 3 0.42389276837095424
13 8 4 0.34875318319088777
13 8 5 0.4929124203140297
13 8 6 0.32182001633748725
13 8 7 0.39319207594712013
13 8 8 0.09482793314959836
13 8 9 0.3635271435926539
13 8 10 0.14048338052547038
13 9 1 0.17967076926296732
13 9 2 0.19309087981912765
13 9 3 0.33696050357595275
13 9 4 0.4932004744224605
13 9 5 0.20153146438204128
13 9 6 0.0008668458694784942
13 9 7 0.4588161762501748
13 9 8 0.08297698397986353
13 9 9 0.19194025214665134
13 9 10 0.1448621319575254
13 10 1 0.48334652644452125
13 10 2 0.22721656960042425
13 10 3 0.04475441414873538
13 10 4 0.2934324038539289
13 10 5 0.13943320157193073
13 10 6 0.2695812702438004
13 10 7 0.3000568172482184
13 10 8 0.25610521026655964
13 10 9 0.28365672881430837
13 10 10 0.2707538906347954
14 1 1 0.10601555774659976
14 1 3 0.45715983175964303
14 1 4 0.49130795073489075
14 1 5 0.029409061251099766
14 1 6 0.009327150810325313
14 1 7 0.13122504030970827
14 1 8 0.34981736997281987
14 1 9 0.0003459387077647813
14 1 10 0.31500110754435107
14 2 1 0.3546066110453445
14 2 2 0.46489260524148956
14 2 3 0.30889569027580743
14 2 4 0.2758565713096799
14 2 5 0.3090834271251903
14 2 6 0.34255171815437024
14 2 7 0.4532032618878219
14 2 8 0.16466625618716768
14 2 9 0.1828243883793832
14 2 10 0.496939196636766
14 3 1 0.3411867176445186
14 3 2 0.06688318665291026
14 3 3 0.27192729110078206
14 3 4 0.21220541390261227
14 3 6 0.27051325486626043
14 3 7 0.14635728490919808
14 3 8 0.058126808728584556
14 3 9 0.40709201654382077
14 3 10 0.22115359446527294
14 4 1 0.3819021013262546
14 4 2 0.1684672181653779
14 4 4 0.22475245314888637
14 4 5 0.04367054698111683
14 4 6 0.3021115724097392
14 4 7 0.13664753885314262
14 4 8 0.03771971915695804
14 4 9 0.4172354872212274
14 4 10 0.028856245583309126
14 5 1 0.35244137179021395
14 5 2 0.03476001979309307
14 5 3 0.10365290093949975
14 5 4 0.23396581263586258
14 5 5 0.09567560236905626
14 5 6 0.16845385795483736
14 5 7 0.2846564742379687
14 5 8 0.131078893565448
14 5 9 0.3583541347444773
14 5 10 0.3386678159089226
14 6 1 0.3152518772084374
14 6 2 0.3003945032324771
14 6 3 0.04501650871346197
14 6 5 0.3958504517732018
14 6 6 0.38328506275659513
14 6 7 0.18472105154955587
14 6 8 0.3614718749975553
14 6 9 0.4062178347816877
14 6 10 0.1654358754700187
14 7 1 0.20988760939566287
14 7 2 0.04553888125674321
14 7 3 0.4669082916319921
14 7 4 0.1564529427379978
14 7 5 0.27999050357011923
14 7 6 0.045994483002874675
14 7 7 0.428152326099996
14 7 8 0.30036121926201464
14 7 10 0.07998602776759833
14 8 1 0.2722295489983533
14 8 2 0.2089452319785826
14 8 3 0.4870791566165351
14 8 4 0.042318862921435274
14 8 5 0.23977398911058745
14 8 6 0.04860015027191433
14 8 7 0.06305286351604522
14 8 8 0.2822616491278812
14 8 9 0.27166348084696046
14 8 10 0.05870751030747068
14 9 1 0.17253341628645147
14 9 2 0.22696299194003278
14 9 3 0.34931755395343067
14 9 4 0.3461920208397896
14 9 5 0.3079201697355137
14 9 6 0.32724159014321874
14 9 7 0.4705160596287261
14 9 8 0.3929824219702619
14 9 9 0.10844358308039181
14 9 10 0.37664558639347956
14 10 1 0.1795021253827621
14 10 2 0.036668003769070756
14 10 4 0.2654367849425
14 10 5 0.281448420409367
14 10 6 0.17529256947378513
14 10 7 0.4244764472316238
14 10 8 0.4433327400540381
14 10 9 0.23713320372963864
14 10 10 0.048915965016662066
15 1 1 0.46483989574771045
15 1 2 0.46621228993445474
15 1 3 0.08964147983762794
15 1 5 0.49582323037040266
15 1 6 0.3267442798766834
15 1 7 0.04494726658252646
15 1 8 0.31318983203770523
15 1 9 0.2399690248330557
15 1 10 0.1908636729488743
15 2 2 0.02279395852324495
15 2 3 0.05947123367256646
15 2 4 0.03690899232287281
15 2 5 0.09543904954383065
15 2 6 0.3823471134894183
15 2 7 0.14540127592210084
15 2 8 0.012317533426542515
15 2 9 0.38473903276903354
15 2 10 0.42028004037236444
15 3 1 0.23110366915130365
15 3 3 0.05239710540175757
15 3 4 0.14160172466809207
15 3 5 0.1481225486708071
15 3 6 0.48262075267573934
15 3 7 0.1426645933750892
15 3 9 0.07779225275601431
15 3 10 0.3008933890589316
15 4 1 0.22091176411136504
15 4 2 0.3830411178268186
15 4 3 0.028558477161326756
15 4 4 0.3679589120701253
15 4 5 0.4188967843687176
15 4 6 0.1496452795645934
15 4 7 0.16896301493300503
15 4 8 0.12106208353257364
15 4 9 0.3347873780183742
15 4 10 0.3745100222053167
15 5 1 0.21853288533066262
15 5 2 0.1559583220548394
15 5 4 0.40367446002334006
15 5 5 0.1424495492595531
15 5 6 0.11800794694227246
15 5 7 0.41496230861511096
15 5 10 0.48579871891230886
15 6 1 0.04777460511191178
15 6 2 0.3575117657197202
15 6 3 0.20198691790103074
15 6 4 0.17011742385037631
15 6 5 0.4922951360827361
15 6 6 0.1612083647911663
15 6 7 0.2440534985903784
15 6 8 0.22670732574141728
15 6 9 0.40257126314645864
15 6 10 0.38543063556570745
15 7 1 0.4643734743756993
15 7 2 0.3612738995485686
15 7 3 0.44049258036627026
15 7 4 0.20853432992821408
15 7 5 0.26194204043924696
15 7 6 0.40637634326108096
15 7 7 0.042996313708287937
15 7 9 0.2647680453134965
15 8 1 0.1499169818676812
15 8 2 0.18019757538314585
15 8 3 0.4498616327819579
15 8 4 0.11004044392162016
15 8 5 0.33814806236410877
15 8 6 0.1577551213934194
15 8 7 0.31578287853811293
15 8 8 0.14920520853639718
15 8 10 0.3004806378394008
15 9 1 0.27871636500574704
15 9 3 0.49236609098406114
15 9 4 0.09795363995179884
15 9 5 0.0030038307173384515
15 9 6 0.005509431861601355
15 9 7 0.08345746979663016
15 9 9 0.42724809004187947
15 9 10 0.04214597937520981
15 10 1 0.19188547539671585
15 10 2 0.12384541760897783
15 10 3 0.2618780758852566
15 10 5 0.3125483952432019
15 10 6 0.06495839647244017
15 10 7 0.21752275845060343
15 10 8 0.21928361960056586
15 10 9 0.040316458742566064
15 10 10 0.06477992062933247
