title
n = 20
P = 6
1 1 10
1 2 3
1 3 10
1 4 6
1 5 3
1 6 10
1 7 4
1 8 10
1 9 10
1 10 1
1 11 1
1 12 9
1 13 6
1 14 3
1 15 9
1 16 5
1 17 2
1 18 4
1 19 1
1 20 2
2 1 1
2 2 6
2 3 6
2 4 2
2 5 3
2 6 10
2 7 10
2 8 9
2 9 6
2 10 6
2 11 6
2 12 2
2 13 7
2 14 8
2 15 1
2 16 10
2 17 4
2 18 10
2 19 8
2 20 8
3 1 1
3 2 2
3 3 3
3 4 4
3 5 9
3 6 10
3 7 7
3 8 6
3 9 4
3 10 3
3 11 8
3 12 9
3 13 7
3 14 7
3 15 1
3 16 5
3 17 6
3 18 7
3 19 8
3 20 8
4 1 8
4 2 6
4 3 8
4 4 3
4 5 6
4 6 9
4 7 1
4 8 9
4 9 9
4 10 9
4 11 10
4 12 3
4 13 7
4 14 1
4 15 3
4 16 10
4 17 10
4 18 7
4 19 4
4 20 10
5 1 4
5 2 10
5 3 6
5 4 6
5 5 4
5 6 9
5 7 6
5 8 7
5 9 8
5 10 8
5 11 9
5 12 7
5 13 2
5 14 7
5 15 1
5 16 8
5 17 7
5 18 2
5 19 4
5 20 8
6 1 4
6 2 6
6 3 6
6 4 6
6 5 8
6 6 5
6 7 4
6 8 1
6 9 9
6 10 4
6 11 2
6 12 6
6 13 5
6 14 10
6 15 1
6 16 6
6 17 9
6 18 4
6 19 10
6 20 4
7 1 7
7 2 6
7 3 3
7 4 5
7 5 4
7 6 4
7 7 7
7 8 10
7 9 10
7 10 6
7 11 9
7 12 10
7 13 4
7 14 6
7 15 7
7 16 10
7 17 10
7 18 5
7 19 5
7 20 6
8 1 7
8 2 1
8 3 10
8 4 10
8 5 8
8 6 10
8 7 5
8 8 3
8 9 3
8 10 4
8 11 3
8 12 8
8 13 5
8 14 6
8 15 8
8 16 1
8 17 9
8 18 5
8 19 8
8 20 7
9 1 5
9 2 9
9 3 5
9 4 7
9 5 4
9 6 1
9 7 1
9 8 5
9 9 1
9 10 3
9 11 2
9 12 10
9 13 4
9 14 6
9 15 3
9 16 4
9 17 4
9 18 8
9 19 1
9 20 6
10 1 4
10 2 8
10 3 10
10 4 10
10 5 8
10 6 9
10 7 1
10 8 2
10 9 4
10 10 1
10 11 10
10 12 8
10 13 7
10 14 8
10 15 9
10 16 6
10 17 3
10 18 5
10 19 2
10 20 5
11 1 10
11 2 1
11 3 7
11 4 3
11 5 6
11 6 7
11 7 3
11 8 10
11 9 5
11 10 7
11 11 9
11 12 4
11 13 8
11 14 8
11 15 2
11 16 4
11 17 3
11 18 5
11 19 6
11 20 4
12 1 9
12 2 8
12 3 10
12 4 5
12 5 6
12 6 6
12 7 9
12 8 10
12 9 3
12 10 8
12 11 9
12 12 10
12 13 8
12 14 1
12 15 10
12 16 4
12 17 4
12 18 5
12 19 9
12 20 7
13 1 1
13 2 10
13 3 5
13 4 7
13 5 7
13 6 3
13 7 5
13 8 10
13 9 1
13 10 8
13 11 7
13 12 2
13 13 6
13 14 6
13 15 7
13 16 6
13 17 6
13 18 8
13 19 9
13 20 10
14 1 6
14 2 5
14 3 10
14 4 5
14 5 2
14 6 6
14 7 1
14 8 7
14 9 1
14 10 10
14 11 2
14 12 9
14 13 7
14 14 2
14 15 3
14 16 5
14 17 3
14 18 7
14 19 9
14 20 8
15 1 3
15 2 5
15 3 9
15 4 6
15 5 2
15 6 4
15 7 9
15 8 8
15 9 8
15 10 2
15 11 2
15 12 3
15 13 1
15 14 4
15 15 6
15 16 8
15 17 10
15 18 3
15 19 6
15 20 7
16 1 3
16 2 3
16 3 5
16 4 9
16 5 7
16 6 9
16 7 4
16 8 2
16 9 6
16 10 4
16 11 5
16 12 5
16 13 9
16 14 8
16 15 9
16 16 7
16 17 5
16 18 4
16 19 5
16 20 1
17 1 4
17 2 6
17 3 3
17 4 3
17 5 7
17 6 4
17 7 1
17 8 4
17 9 9
17 10 10
17 11 6
17 12 7
17 13 10
17 14 9
17 15 7
17 16 7
17 17 2
17 18 3
17 19 5
17 20 2
18 1 9
18 2 6
18 3 7
18 4 6
18 5 10
18 6 5
18 7 4
18 8 9
18 9 2
18 10 6
18 11 5
18 12 1
18 13 10
18 14 4
18 15 4
18 16 8
18 17 2
18 18 2
18 19 6
18 20 2
19 1 9
19 2 5
19 3 6
19 4 7
19 5 6
19 6 7
19 7 6
19 8 4
19 9 2
19 10 8
19 11 4
19 12 3
19 13 2
19 14 10
19 15 6
19 16 10
19 17 7
19 18 8
19 19 5
19 20 9
20 1 6
20 2 1
20 3 1
20 4 6
20 5 8
20 6 5
20 7 8
20 8 4
20 9 8
20 10 4
20 11 5
20 12 9
20 13 7
20 14 10
20 15 6
20 16 10
20 17 1
20 18 2
20 19 5
20 20 5
1 1 1 0.07237464934335203
1 1 2 0.23362752840323464
1 1 3 0.2723317431271951
1 1 4 0.34447136186530347
1 1 5 0.45239643859302026
1 1 6 0.08835823536239495
1 1 7 0.08518152557640868
1 1 8 0.05851235212046513
1 1 9 0.19897607644242943
1 1 10 0.325795338141463
1 1 11 0.19620440105255688
1 1 12 0.10000227625041502
1 1 13 0.01087071131300954
1 1 15 0.10966766623125535
1 1 16 0.049482110347704555
1 1 17 0.4039584423448257
1 1 18 0.1440589664424008
1 1 19 0.37888938199041944
1 1 20 0.40674190213633177
1 2 1 0.01376546892145658
1 2 2 0.06250687774013863
1 2 3 0.17765914897387813
1 2 4 0.3710094426166296
1 2 5 0.4245114671004573
1 2 6 0.17304758648489316
1 2 7 0.34245634852604623
1 2 9 0.13520041118012904
1 2 10 0.1824093813956813
1 2 11 0.12752037368280378
1 2 12 0.42063435630551815
1 2 15 0.376620213535789
1 2 16 0.2693685038834709
1 2 17 0.44993284421256063
1 2 18 0.23754276994516232
1 2 19 0.12304291707721116
1 2 20 0.24071014884152908
1 3 1 0.3516373796945155
1 3 2 0.4771183785823413
1 3 3 0.14418624922796186
1 3 4 0.13789905872268882
1 3 5 0.28048336740779567
1 3 6 0.20664059824342051
1 3 7 0.46751162409140823
1 3 8 0.08287478256098468
1 3 9 0.09116860303066898
1 3 10 0.016368639395759277
1 3 11 0.14026722046235107
1 3 12 0.4047437481902252
1 3 13 0.42475924975739165
1 3 15 0.39847266577330986
1 3 17 0.49027402261862096
1 3 18 0.2753399032478425
1 3 19 0.41022292588942466
1 3 20 0.35469047543227517
1 4 1 0.3577882994761542
1 4 2 0.08495883334352106
1 4 3 0.07802700617474245
1 4 4 0.057407592880252545
1 4 5 0.0555393080668678
1 4 6 0.2204673498300871
1 4 7 0.2077667573915548
1 4 8 0.037694959876803824
1 4 9 0.34454694388891316
1 4 10 0.24855424252063252
1 4 11 0.21558473547854007
1 4 12 0.44690396967576385
1 4 13 0.28779804331655223
1 4 14 0.38744263839878945
1 4 15 0.1554217392041075
1 4 16 0.13830979376649633
1 4 17 0.35429382438284296
1 4 18 0.14966957661745872
1 4 19 0.00623361088992902
1 5 1 0.2259431553037382
1 5 2 0.16677088112755845
1 5 3 0.11380413062452333
1 5 4 0.28824134427137926
1 5 5 0.07920139641740098
1 5 6 0.41237486401669743
1 5 7 0.3243762128863873
1 5 8 0.1940000071028135
1 5 9 0.15693465623887037
1 5 10 0.032079062815794535
1 5 11 0.24797408882591343
1 5 12 0.36550972697492423
1 5 13 0.2314966166070962
1 5 14 0.04523126985839443
1 5 15 0.29063242871298856
1 5 16 0.19477825765166512
1 5 17 0.06165855845541102
1 5 18 0.18523576339440895
1 5 20 0.4998658406155574
1 6 1 0.42547569660637585
1 6 2 0.40830064306104386
1 6 3 0.23148684216591986
1 6 4 0.42540418365429356
1 6 5 0.05889964984262219
1 6 6 0.08324914223066171
1 6 7 0.12370616444394
1 6 8 0.14791462310054215
1 6 10 0.34650945575126246
1 6 11 0.4076447640058206
1 6 12 0.032274263627610655
1 6 13 0.08301732087546243
1 6 14 0.08540217002701278
1 6 15 0.13541090132374367
1 6 16 0.057996970009374205
1 6 17 0.07493431292538344
1 6 18 0.21750734293262552
1 6 20 0.11503848108062453
1 7 1 0.24757250015822996
1 7 2 0.25929518145108765
1 7 3 0.07629938480314846
1 7 4 0.035007891051188844
1 7 5 0.11561414564853956
1 7 7 0.47300050017830775
1 7 8 0.16331813737470635
1 7 10 0.2598905949326539
1 7 11 0.4087523442863298
1 7 12 0.30367204069686704
1 7 13 0.48358300778050034
1 7 14 0.1692203856894463
1 7 15 0.32705589828073345
1 7 16 0.41350089319952843
1 7 17 0.16227578112364072
1 7 18 0.07272965274534238
1 7 20 0.2374977798153003
1 8 1 0.1455255454451435
1 8 2 0.15974033616765626
1 8 3 0.41180037091393906
1 8 4 0.11151111085604481
1 8 5 0.1433654670085257
1 8 6 0.14065941704300955
1 8 7 0.28141495203610734
1 8 8 0.037986642342021315
1 8 9 0.4597928484821101
1 8 10 0.32189869087871703
1 8 11 0.04830453145519298
1 8 12 0.28942522984777463
1 8 13 0.25051137517136823
1 8 14 0.17127650587624177
1 8 15 0.2469926434046429
1 8 16 0.4940762017806436
1 8 17 0.09451511577895888
1 8 18 0.18525806478865336
1 8 19 0.22727727499435202
1 8 20 0.2811929804768818
1 9 1 0.06998827430896493
1 9 2 0.3026493138103561
1 9 3 0.02363427886174818
1 9 4 0.19271053925184944
1 9 5 0.11294886960487582
1 9 6 0.22760893978768393
1 9 7 0.029180826263877968
1 9 8 0.12950327644306747
1 9 9 0.09998902662644071
1 9 10 0.04564029219356869
1 9 11 0.05375188152894883
1 9 12 0.12480451394884073
1 9 13 0.23054322980973185
1 9 15 0.41483980774381424
1 9 16 0.045295670532528365
1 9 18 0.1390398146049241
1 9 19 0.39836016056361234
1 9 20 0.39498689902940476
1 10 1 0.06309105672268989
1 10 2 0.18176890222998432
1 10 3 0.33165283697763914
1 10 4 0.2544374748190905
1 10 5 0.23112250180308225
1 10 6 0.4690228235090441
1 10 7 0.29503039526295816
1 10 8 0.17788947616799955
1 10 9 0.29086787432777017
1 10 10 0.42786380398000823
1 10 11 0.007376227223295673
1 10 12 0.13612718824256764
1 10 13 0.3870142488503725
1 10 14 0.03999846980607191
1 10 15 0.32181877757885624
1 10 16 0.307378653527559
1 10 17 0.22004085076551694
1 10 18 0.23838628367978365
1 10 19 0.33486304519923205
1 10 20 0.19064049477859668
1 11 1 0.08106368291689026
1 11 2 0.02306533993067228
1 11 3 0.36453960042652755
1 11 4 0.1627729153894304
1 11 5 0.35414518981070753
1 11 6 0.3859418780735231
1 11 7 0.29185267995892805
1 11 8 0.3998616154341952
1 11 10 0.32144331888385924
1 11 11 0.31864391874785836
1 11 12 0.1567129176244223
1 11 13 0.4256600262422633
1 11 14 0.35063156310910515
1 11 15 0.39704337991817595
1 11 16 0.1520702452685737
1 11 17 0.0895021146194076
1 11 18 0.382217647316633
1 11 20 0.03189811470635595
1 12 1 0.2712211736112782
1 12 2 0.4273159563417215
1 12 4 0.040414209766364007
1 12 5 0.0817497890506661
1 12 6 0.19732107868154947
1 12 7 0.29003807879500154
1 12 8 0.44670514156850405
1 12 9 0.1871810787254975
1 12 10 0.29759810076005766
1 12 11 0.37934216636681883
1 12 12 0.27312127230324257
1 12 13 0.10141811980763837
1 12 14 0.48183495037699076
1 12 15 0.2001947839421654
1 12 16 0.487002150990385
1 12 17 0.16823146331761418
1 12 18 0.3627755579545481
1 12 20 0.16477536484091115
1 13 1 0.09133102301435425
1 13 2 0.0799181633642505
1 13 3 0.25548870425420034
1 13 4 0.045109890211098236
1 13 5 0.022553509135849414
1 13 6 0.029430533469785525
1 13 7 0.46530194631273625
1 13 8 0.44697614016866405
1 13 9 0.29998900595563216
1 13 11 0.4039919417414227
1 13 12 0.29116422638153583
1 13 13 0.06800456300628788
1 13 14 0.1791808791616698
1 13 15 0.36863721334032484
1 13 16 0.007903156375329012
1 13 17 0.053962903475005874
1 13 18 0.4591288899208822
1 13 19 0.43360246988099693
1 13 20 0.23639227486782977
1 14 1 0.37578820222009046
1 14 2 0.13341706688090071
1 14 4 0.34160888200577944
1 14 5 0.14109621436119213
1 14 6 0.08991047738945979
1 14 7 0.4851738144961746
1 14 9 0.09222918125930002
1 14 10 0.005998101455966909
1 14 11 0.08611776605594235
1 14 12 0.3577475421612034
1 14 13 0.4752013415358771
1 14 14 0.3902070536108766
1 14 15 0.4877339956232787
1 14 16 0.16341300654953794
1 14 17 0.1358865966567966
1 14 18 0.0027520582269312532
1 14 19 0.4789165606265747
1 14 20 0.21782772986683618
1 15 1 0.21964658702718132
1 15 2 0.10655967013428957
1 15 3 0.3809223633883996
1 15 4 0.05789031569643821
1 15 5 0.49968996122567255
1 15 6 0.38109544149739905
1 15 7 0.044784861390954056
1 15 9 0.29673623906284297
1 15 10 0.3091186364976438
1 15 11 0.45423624349467373
1 15 12 0.3802893297391228
1 15 13 0.040491566840885285
1 15 14 0.4756527916520815
1 15 15 0.20765623000774103
1 15 16 0.03301965896038361
1 15 17 0.40284869136290924
1 15 18 0.49292558060429303
1 15 19 0.3844268020832097
1 15 20 0.39298655900421997
1 16 1 0.18588719846176693
1 16 2 0.4133599572957626
1 16 4 0.0744281904456191
1 16 6 0.13863952576758198
1 16 7 0.2976902872150601
1 16 8 0.32681838634258276
1 16 9 0.046413799074041195
1 16 10 0.3314479275041158
1 16 11 0.06552678543973223
1 16 12 0.014931461705478988
1 16 13 0.28763194422709193
1 16 14 0.2979896487437712
1 16 15 0.26473120728396315
1 16 16 0.3289832478012136
1 16 17 0.3403033196927623
1 16 18 0.47427824955117803
1 16 19 0.21481851999832524
1 16 20 0.3768275416583601
1 17 1 0.12619704809893884
1 17 2 0.12159907150326388
1 17 3 0.4649189484986527
1 17 4 0.1579882064192808
1 17 6 0.20420940416525835
1 17 9 0.3277481476297698
1 17 10 0.2935156427906702
1 17 11 0.0739297914749456
1 17 12 0.10348130243006837
1 17 13 0.041617180837782985
1 17 14 0.32669203833449867
1 17 15 0.4144208381363855
1 17 16 0.06093896487189321
1 17 17 0.3104996395615862
1 17 18 0.33843349509806686
1 17 19 0.039652893631028197
1 17 20 0.1597172946640738
1 18 1 0.4095199077079208
1 18 2 0.08157464237626755
1 18 3 0.45516011782958454
1 18 4 0.20977273521874262
1 18 5 0.30554578792542475
1 18 6 0.3514582970052078
1 18 7 0.09020962787901243
1 18 8 0.33217291094802726
1 18 9 0.08236014024449512
1 18 10 0.06340889230067415
1 18 11 0.377107976017542
1 18 12 0.4626192710267033
1 18 13 0.24256526894799446
1 18 14 0.017996912547970867
1 18 15 0.20414956453640132
1 18 16 0.4452176254187611
1 18 18 0.005436771303847121
1 18 19 0.29524033970539665
1 18 20 0.04843118689573456
1 19 1 0.32195813779741356
1 19 2 0.19512868352234236
1 19 3 0.12151865371116899
1 19 4 0.12954827686099724
1 19 5 0.36995990301318793
1 19 6 0.054652538667535056
1 19 7 0.26509695325079363
1 19 8 0.2904314741841141
1 19 9 0.1939229567368166
1 19 10 0.4320922223183712
1 19 11 0.3496772738351406
1 19 12 0.20969973562387667
1 19 13 0.2087304826461175
1 19 14 0.32949516514709654
1 19 16 0.274458928867905
1 19 17 0.30214064208625746
1 19 18 0.4616956602698741
1 19 19 0.12988294692429792
1 19 20 0.1705145488673424
1 20 1 0.2180609612907385
1 20 2 0.02009406469060615
1 20 3 0.08285860481462637
1 20 4 0.201226148754866
1 20 5 0.47637364504882984
1 20 6 0.03960832515789414
1 20 8 0.3561926548327683
1 20 9 0.34710628140768085
1 20 10 0.333272981653303
1 20 11 0.25516134154228176
1 20 12 0.22865806794850285
1 20 13 0.13855644388794952
1 20 15 0.09957893484498259
1 20 16 0.43687091713992177
1 20 17 0.20109536025699315
1 20 18 0.24250006871256224
1 20 20 0.09881829404432951
2 1 1 0.27975068852156615
2 1 2 0.4777411066019266
2 1 3 0.312074330568735
2 1 4 0.14740813582319
2 1 5 0.27636683902573544
2 1 6 0.477607008514782
2 1 7 0.3518778427856094
2 1 8 0.04484773299794076
2 1 9 0.3818650059294887
2 1 10 0.07425262288221612
2 1 11 0.07040968388319235
2 1 12 0.3993826809546869
2 1 13 0.3508558735756071
2 1 14 0.12206134729008533
2 1 16 0.39392270506736593
2 1 17 0.4376870765044323
2 1 18 0.19186249952222934
2 1 19 0.0883714587909954
2 1 20 0.11144163338869051
2 2 1 0.009912148950018573
2 2 2 0.37499672843872
2 2 3 0.20717032134250868
2 2 4 0.10554599178171842
2 2 5 0.37264222088738164
2 2 6 0.007089024284745116
2 2 7 0.3918641466349727
2 2 8 0.09594000536082903
2 2 9 0.18320252910746915
2 2 10 0.3927713511031313
2 2 11 0.43370596205457734
2 2 12 0.10509021056639978
2 2 13 0.4783799544338976
2 2 14 0.49776929651834323
2 2 15 0.3532923303919544
2 2 16 0.174157789310445
2 2 17 0.2042441546394096
2 2 18 0.3766167995906451
2 2 19 0.3548122965423248
2 2 20 0.4307796933370557
2 3 1 0.28482051387716634
2 3 2 0.07043830533760065
2 3 3 0.04401342440444078
2 3 4 0.14706117156722498
2 3 5 0.13939880066670995
2 3 6 0.2632992124878588
2 3 7 0.038151474982026534
2 3 8 0.23194939870523523
2 3 9 0.48441517347615315
2 3 10 0.07736580842021634
2 3 12 0.23585884491834697
2 3 13 0.09748350261042371
2 3 14 0.18323180793495963
2 3 15 0.05649762158054872
2 3 16 0.15768985107422273
2 3 17 0.32592861186362254
2 3 18 0.26801290865737537
2 3 19 0.1414858248482067
2 3 20 0.380249071436803
2 4 1 0.49865270636942904
2 4 2 0.44065756459303906
2 4 3 0.18026101941094042
2 4 4 0.3406178663471404
2 4 5 0.4120966801728022
2 4 6 0.3674738592268497
2 4 7 0.43025237938272987
2 4 8 0.15475652239258086
2 4 9 0.4888805580377078
2 4 10 0.27189950274153174
2 4 11 0.13452644231721356
2 4 12 0.11216841653815701
2 4 13 0.13568171021729192
2 4 14 0.12705836301446038
2 4 15 0.04382367534216436
2 4 16 0.4383208385120454
2 4 17 0.15148558249087063
2 4 18 0.07244310590849046
2 4 19 0.23577322619795926
2 5 1 0.49555729825270445
2 5 2 0.02209632408580764
2 5 3 0.4480136352570009
2 5 6 0.2034542274011899
2 5 7 0.13408859401282802
2 5 8 0.3289213031513635
2 5 9 0.30933383021453464
2 5 10 0.3126911231517494
2 5 12 0.09552544393339513
2 5 13 0.11592477718057448
2 5 14 0.07610486255661542
2 5 15 0.30420558447840285
2 5 16 0.2298924250916553
2 5 17 0.19303716556692907
2 5 18 0.18755900865461905
2 5 19 0.3309319585698208
2 5 20 0.4854277331053575
2 6 1 0.43250189997175525
2 6 2 0.0728215281798732
2 6 3 0.029793739591286617
2 6 4 0.07854140617313676
2 6 5 0.02354839914914464
2 6 6 0.4603591994301116
2 6 7 0.49517828524790264
2 6 8 0.4352484559607941
2 6 9 0.13927887253341797
2 6 10 0.2942134319087838
2 6 11 0.39708172314569035
2 6 12 0.08455002253404065
2 6 13 0.2038836867140894
2 6 14 0.11269448086342382
2 6 16 0.10151640037533316
2 6 17 0.24284816168994772
2 6 18 0.06748415170303024
2 6 19 0.43674510142224476
2 6 20 0.17628600247694592
2 7 1 0.37971667125643815
2 7 2 0.052524623616225896
2 7 4 0.4388601125919337
2 7 5 0.08532898769218245
2 7 6 0.3835444797597314
2 7 7 0.21947583869025278
2 7 8 0.08407391492392502
2 7 9 0.4970507361431602
2 7 10 0.23221134076822214
2 7 12 0.15110653294587417
2 7 13 0.17874273782046335
2 7 14 0.425033864530297
2 7 15 0.4476812955995857
2 7 17 0.18148807450244975
2 7 18 0.4796087157959461
2 7 19 0.11587107693347853
2 7 20 0.05267715525514427
2 8 1 0.42674473529265466
2 8 2 0.31526860022333747
2 8 3 0.045481348505298835
2 8 4 0.061952691002665095
2 8 5 0.06335897739914997
2 8 6 0.22470854725819323
2 8 8 0.24584682479011943
2 8 9 0.0890893819081191
2 8 10 0.030196580338872625
2 8 11 0.4765469039250285
2 8 13 0.40881209457616885
2 8 14 0.15594650396220977
2 8 15 0.4401554810716163
2 8 17 0.3601718608117228
2 8 18 0.055130216775414964
2 8 19 0.27427980936929286
2 8 20 0.026762133697286528
2 9 1 0.054046619241508
2 9 2 0.1083686998751825
2 9 4 0.1500559379493115
2 9 5 0.15774558672284167
2 9 6 0.34130512836446303
2 9 7 0.11180610357802379
2 9 8 0.20978729141325148
2 9 9 0.21019107594203146
2 9 11 0.44705355426393933
2 9 12 0.4485378920610986
2 9 13 0.015397200273212563
2 9 14 0.4723055470673858
2 9 15 0.33053625161776945
2 9 16 0.1664905516607198
2 9 17 0.2951435754266388
2 9 18 0.3668660040060423
2 9 19 0.10159820460810698
2 9 20 0.07104853710032022
2 10 1 0.4097080622019724
2 10 2 0.19227137988759058
2 10 3 0.24945583906889301
2 10 4 0.4282131198037358
2 10 5 0.04885870997198505
2 10 6 0.4078186662995863
2 10 8 0.2557305952065988
2 10 9 0.4908511105213387
2 10 10 0.315333218308091
2 10 11 0.08113424846395689
2 10 12 0.43025276691250314
2 10 13 0.4424307219386777
2 10 14 0.10118644211533057
2 10 15 0.3739851594146848
2 10 16 0.04752806759256534
2 10 17 0.24796857199180922
2 10 18 0.4736404186644506
2 10 19 0.32736827920238476
2 10 20 0.4608780873093775
2 11 1 0.1694653625424548
2 11 2 0.45933741125313865
2 11 3 0.29115238917893227
2 11 4 0.4412665451601637
2 11 5 0.3139379378033673
2 11 7 0.1309490826877766
2 11 8 0.21826119790103382
2 11 9 0.0721012023198343
2 11 10 0.4479248518128365
2 11 11 0.042171684684312316
2 11 13 0.06561895391555639
2 11 14 0.4296213867909573
2 11 15 0.39641521195017326
2 11 16 0.15742152578730173
2 11 17 0.17636490513813352
2 11 18 0.027129155104539837
2 11 19 0.10580119468296134
2 11 20 0.49947626000937995
2 12 1 0.16892589381763512
2 12 2 0.20517561737923196
2 12 3 0.33293134402063673
2 12 4 0.39373944655631976
2 12 5 0.48123187027359926
2 12 6 0.000310857378256868
2 12 7 0.469285572412769
2 12 8 0.36807945244190554
2 12 9 0.06486439503505892
2 12 10 0.46805430033790685
2 12 11 0.14321344619931564
2 12 12 0.13461749764046427
2 12 13 0.4414543603842255
2 12 14 0.2632686848980076
2 12 15 0.07310268248193008
2 12 16 0.4904649309672159
2 12 18 0.2922112447151677
2 12 19 0.3715949560153051
2 12 20 0.2366145404098271
2 13 1 0.24643889430952415
2 13 2 0.13663270715990017
2 13 3 0.23478111753599984
2 13 4 0.1939230559327909
2 13 5 0.024926115483617672
2 13 6 0.31553878752154296
2 13 7 0.2590943328967218
2 13 8 0.44051016758179784
2 13 9 0.3494237060527049
2 13 11 0.0031506574387388797
2 13 12 0.298113464538201
2 13 13 0.23926652881335342
2 13 14 0.44872805865192633
2 13 15 0.008706839380720588
2 13 16 0.442794406373451
2 13 17 0.10155641867038145
2 13 18 0.24384554527998858
2 13 19 0.3797952585851503
2 13 20 0.2225140326680931
2 14 1 0.3933681907032912
2 14 2 0.33730807851990685
2 14 3 0.1577279954656331
2 14 4 0.11903146971634337
2 14 5 0.2285731351079967
2 14 6 0.3415896852810787
2 14 8 0.2611357942469785
2 14 9 0.09067919481936859
2 14 10 0.060971961514344475
2 14 11 0.3291521099104182
2 14 12 0.005322258706807137
2 14 13 0.4989645919470005
2 14 14 0.07851868728018596
2 14 15 0.32325980528038023
2 14 16 0.17973481028365923
2 14 17 0.43445248420805216
2 14 18 0.06474183389393762
2 14 20 0.11683945203585988
2 15 1 0.2360350499350986
2 15 2 0.1482857996055379
2 15 3 0.2792515571943972
2 15 4 0.07527693399668467
2 15 5 0.3628143759828919
2 15 6 0.3617329692272321
2 15 8 0.19973293041923879
2 15 9 0.40736212245272574
2 15 10 0.19406701590876463
2 15 12 0.1191115883083308
2 15 13 0.12885405651591286
2 15 14 0.2921152664240252
2 15 16 0.24412097229492757
2 15 17 0.38904229682853053
2 15 18 0.23747404478443224
2 15 19 0.2118209586141112
2 15 20 0.22450114357863926
2 16 1 0.3500631165239707
2 16 2 0.4750488357189596
2 16 3 0.07211004557460277
2 16 4 0.0015008013596475855
2 16 6 0.12045775592766106
2 16 7 0.45756417986296927
2 16 8 0.3204005835032919
2 16 9 0.02590021131636777
2 16 10 0.17273223785444658
2 16 11 0.1601109288052983
2 16 12 0.175728698267006
2 16 13 0.13116540337476812
2 16 14 0.17876749937023972
2 16 15 0.3743272129401267
2 16 16 0.46427735641748014
2 16 17 0.3603207026734705
2 16 18 0.07741874877661836
2 16 19 0.002604707053535993
2 16 20 0.3970142024917874
2 17 1 0.3963824916059361
2 17 2 0.21601784140249303
2 17 3 0.07558647962431364
2 17 4 0.4961594674455635
2 17 6 0.2886782483973831
2 17 7 0.46330016133162766
2 17 9 0.3039300612955119
2 17 10 0.26105312463247754
2 17 11 0.10572997647535987
2 17 12 0.024659298796603557
2 17 13 0.3015167327563024
2 17 16 0.3962299000620173
2 17 17 0.45461057716605713
2 17 18 0.30764103277902966
2 17 19 0.45037059335783036
2 17 20 0.45739496173411054
2 18 2 0.4184365481687924
2 18 3 0.1739323950579349
2 18 4 0.19938666881584166
2 18 5 0.4708180721752473
2 18 6 0.1050598761200755
2 18 7 0.34971420514224283
2 18 8 0.43954674037956476
2 18 9 0.37391046118215054
2 18 10 0.2451569577361845
2 18 11 0.1506957010649156
2 18 13 0.1672558702533613
2 18 14 0.14978064826202075
2 18 15 0.2812276127174447
2 18 16 0.38766466881197903
2 18 17 0.24710351919204743
2 18 18 0.27830009229363495
2 18 19 0.31174578114685136
2 18 20 0.08820470881869458
2 19 1 0.3434231563204956
2 19 2 0.07022365864395208
2 19 3 0.38968455980408434
2 19 4 0.3879233335957376
2 19 5 0.053017290065662026
2 19 6 0.1647243617888241
2 19 7 0.4627979495099662
2 19 8 0.4399969720359679
2 19 10 0.49039201843711666
2 19 11 0.40949374897961166
2 19 12 0.19503667869952734
2 19 13 0.09159656790727322
2 19 14 0.44616469290556515
2 19 15 0.2502849900508576
2 19 16 0.06536405824334168
2 19 18 0.4918452580492433
2 19 19 0.3261222835946874
2 20 2 0.36458159441231985
2 20 3 0.426500981146242
2 20 4 0.346783910747119
2 20 5 0.21936633735603472
2 20 6 0.05373005719458934
2 20 7 0.4542662767448862
2 20 8 0.17836136028483662
2 20 9 0.40962110785182093
2 20 10 0.13927537309450444
2 20 11 0.05810632535280502
2 20 12 0.19069828436476044
2 20 13 0.13363149032450805
2 20 15 0.15708977531090784
2 20 16 0.4995916483440749
2 20 17 0.2636565293045894
2 20 18 0.002265853493084169
2 20 19 0.10813293840869376
2 20 20 0.16431542543991462
3 1 1 0.49515162802996127
3 1 2 0.15365039656553725
3 1 3 0.46927490596188426
3 1 4 0.30574214866786675
3 1 5 0.38876564513932854
3 1 6 0.24149871345681428
3 1 7 0.12982010598587157
3 1 8 0.10475159860127747
3 1 9 0.29609338476709923
3 1 10 0.3277222181133843
3 1 11 0.23841840395538672
3 1 12 0.4092247575056652
3 1 14 0.2673083888064919
3 1 15 0.32166475439550646
3 1 16 0.01281779979850095
3 1 17 0.2133907442625439
3 1 18 0.29173348698520896
3 1 19 0.436367440841959
3 1 20 0.05881083875696269
3 2 1 0.44768826372169734
3 2 2 0.2532404098523623
3 2 3 0.4810691006238732
3 2 4 0.017086311986180602
3 2 5 0.21742510148137428
3 2 8 0.22725910760351498
3 2 9 0.3897757933857945
3 2 10 0.011192369733438623
3 2 12 0.2228465176183022
3 2 13 0.32097779792708314
3 2 15 0.4273731157528152
3 2 16 0.3654893506691641
3 2 17 0.25768260511701824
3 2 18 0.3727739691748585
3 2 19 0.16750032997953368
3 2 20 0.36926671637497266
3 3 1 0.20079339099658067
3 3 2 0.10840715216903996
3 3 3 0.29026334275315824
3 3 5 0.19253947280841277
3 3 6 0.2754628665692005
3 3 7 0.18070841191121512
3 3 8 0.24966755431414367
3 3 10 0.002203071863606798
3 3 11 0.3109531262058133
3 3 12 0.16339083367519036
3 3 13 0.09917263945665
3 3 14 0.12457755111123425
3 3 15 0.029683810927639276
3 3 16 0.051781619507523025
3 3 17 0.49694416801146457
3 3 19 0.0568879753020628
3 3 20 0.2768686705700171
3 4 1 0.34977221963642624
3 4 2 0.08314161159794231
3 4 3 0.12786018901430596
3 4 4 0.2406484055791419
3 4 5 0.017736456883590823
3 4 6 0.46383645502675375
3 4 7 0.1876982022233561
3 4 8 0.1795333977738548
3 4 9 0.44263185250707615
3 4 10 0.08933006516012743
3 4 11 0.009156365429704105
3 4 12 0.06223220714841471
3 4 13 0.12763786257064968
3 4 14 0.3158976358001381
3 4 15 0.2778545591088939
3 4 16 0.2788594802837253
3 4 17 0.4607999986008283
3 4 18 0.19685166932777554
3 4 19 0.22733066326137552
3 4 20 0.05887951956497384
3 5 1 0.4439957198112531
3 5 2 0.033467040843141005
3 5 3 0.3369544149093834
3 5 4 0.37264148241135975
3 5 5 0.44278528038641074
3 5 6 0.11324483237325977
3 5 7 0.4514550711017332
3 5 8 0.3940417314291872
3 5 9 0.13286986558596936
3 5 10 0.077541005120348
3 5 11 0.44616542711166673
3 5 12 0.48128592445249097
3 5 13 0.4166467352197585
3 5 14 0.09961596327271827
3 5 15 0.3227962048337879
3 5 16 0.41514905520434764
3 5 17 0.011788964184276218
3 5 18 0.15910552723895321
3 5 19 0.2632014415813698
3 5 20 0.009719794623137212
3 6 1 0.06677719204778843
3 6 2 0.14630015836830734
3 6 3 0.24637531503444365
3 6 4 0.14362288739078033
3 6 5 0.4737125649047055
3 6 7 0.29010031112206613
3 6 8 0.18863240878992482
3 6 10 0.23186697386762545
3 6 11 0.33738416624245615
3 6 12 0.2891121460118323
3 6 13 0.4894392892432037
3 6 14 0.04720256693404523
3 6 15 0.2090834461265113
3 6 17 0.03885871121723794
3 6 19 0.3843443045615189
3 7 1 0.3310408579743187
3 7 3 0.34499761653140704
3 7 4 0.44516202201525734
3 7 6 0.32938004249304276
3 7 7 0.26787832474365014
3 7 8 0.34786373731717046
3 7 10 0.2601998549855026
3 7 11 0.07137896031659241
3 7 12 0.3393679717097222
3 7 13 0.16230322204705583
3 7 14 0.41591175597757757
3 7 15 0.24400792737191634
3 7 17 0.47340741056741
3 7 18 0.32261785385844466
3 7 19 0.43829098668023436
3 7 20 0.13467240324218044
3 8 1 0.16989545127140437
3 8 2 0.4881201141481427
3 8 3 0.19550193376459057
3 8 5 0.0630586838547188
3 8 6 0.25315206303369187
3 8 7 0.2778666708281512
3 8 8 0.40484834761643207
3 8 9 0.40299708815675817
3 8 10 0.18179444364246955
3 8 11 0.48852565404593795
3 8 12 0.0933203124833254
3 8 13 0.11828535815116603
3 8 14 0.1936554754508576
3 8 15 0.18659307850224582
3 8 16 0.41980296251422045
3 8 17 0.3198545796456723
3 8 19 0.2787977124868811
3 8 20 0.13537043938209836
3 9 2 0.34892771848076654
3 9 3 0.19760018484170494
3 9 4 0.4271500310530989
3 9 5 0.24972585886679965
3 9 6 0.28404086806733975
3 9 7 0.49516086907093526
3 9 8 0.3584615431244682
3 9 9 0.08199535451292783
3 9 10 0.25363100830473795
3 9 11 0.42732752327563384
3 9 12 0.02242807858436724
3 9 14 0.14074731687551767
3 9 15 0.2390375882782485
3 9 16 0.0693914620562529
3 9 17 0.14577779955092807
3 9 18 0.4708893615814469
3 9 19 0.22306369892663458
3 9 20 0.11569470489445965
3 10 1 0.39952927885017975
3 10 2 0.3986941560241256
3 10 3 0.08263408950216977
3 10 4 0.11550857511954049
3 10 5 0.4085009160266744
3 10 6 0.04759446840946935
3 10 7 0.38111930308499076
3 10 8 0.25935062358865424
3 10 9 0.14065607720257
3 10 10 0.23034867427566552
3 10 11 0.3578708362092169
3 10 12 0.3928999688963448
3 10 13 0.3088191695647685
3 10 14 0.2772855149515313
3 10 16 0.25952923415220785
3 10 17 0.4596878140697863
3 10 19 0.470513293599386
3 10 20 0.14997274388641368
3 11 1 0.050026493813657646
3 11 2 0.42463726022449166
3 11 3 0.08484308683649455
3 11 4 0.017675978049467966
3 11 5 0.11711059022524362
3 11 6 0.24973790444414545
3 11 8 0.1771481489705823
3 11 9 0.17516465984233687
3 11 10 0.08024555864452831
3 11 11 0.10126154787518049
3 11 12 0.15788851789068103
3 11 13 0.14423795187295207
3 11 14 0.2463284077901604
3 11 15 0.07485162631399522
3 11 16 0.21481350771394914
3 11 17 0.4170891979960767
3 11 18 0.023012592390838083
3 11 20 0.2296662911718178
3 12 2 0.01280066214436748
3 12 3 0.11312455283950218
3 12 4 0.05859302175959091
3 12 5 0.26318670242548603
3 12 6 0.36014659381218994
3 12 7 0.10591044310237407
3 12 8 0.4160443571272652
3 12 9 0.04503805715207343
3 12 10 0.06408509846743793
3 12 11 0.4062853718455415
3 12 12 0.3854620232481196
3 12 14 0.490652152258905
3 12 15 0.45603415116969204
3 12 16 0.45936428495746107
3 12 17 0.2314223885401131
3 12 18 0.12791213649130495
3 12 19 0.4847946250144216
3 12 20 0.06556146515421468
3 13 1 0.03777437471665934
3 13 2 0.42405897168496165
3 13 3 0.2680301010491962
3 13 4 0.37307053850324634
3 13 5 0.20563813531836928
3 13 7 0.44279406232176977
3 13 8 0.21267767343323896
3 13 9 0.21850383114407312
3 13 10 0.30315774944613094
3 13 11 0.14453696960574192
3 13 12 0.40875642564437864
3 13 13 0.31902513823726475
3 13 14 0.022000059551095408
3 13 15 0.04088416431402364
3 13 17 0.011011309330150931
3 13 18 0.4775342155241815
3 13 20 0.37305974446183454
3 14 1 0.3402981207322946
3 14 2 0.2073098174172362
3 14 3 0.290203623553714
3 14 4 0.4554612732299592
3 14 5 0.4541049519456555
3 14 7 0.10773349658040454
3 14 8 0.4364145178967276
3 14 9 0.38811523324194397
3 14 10 0.024869741361961184
3 14 11 0.27986979006601787
3 14 12 0.0941975317613698
3 14 13 0.17497925868202002
3 14 14 0.3438212191996006
3 14 15 0.39028497564601883
3 14 16 0.09428685155510119
3 14 18 0.21664747198860768
3 14 19 0.4765242980242099
3 14 20 0.21675880669826142
3 15 1 0.3296249281260418
3 15 2 0.46273350619932363
3 15 3 0.30459360822274084
3 15 4 0.010437915369622686
3 15 5 0.4079958642990392
3 15 6 0.23038756964546103
3 15 7 0.39439827728665866
3 15 8 0.24371010748443123
3 15 9 0.46240245712929506
3 15 10 0.4606782320033658
3 15 11 0.0019419604030260773
3 15 13 0.4817296707108759
3 15 14 0.030590130706400598
3 15 15 0.2973654016099112
3 15 16 0.07378382756239432
3 15 18 0.10542236056359644
3 15 19 0.244009751372106
3 15 20 0.4317787877682452
3 16 1 0.16043518045561023
3 16 2 0.32716036032594353
3 16 3 0.05854134548290291
3 16 4 0.4884896427552309
3 16 6 0.19650970956389946
3 16 7 0.48054680662543914
3 16 8 0.2773638243278861
3 16 9 0.4791345267315593
3 16 11 0.04809937046000723
3 16 12 0.4032817447235487
3 16 13 0.25485088861202754
3 16 15 0.17790225813082583
3 16 16 0.07360181033797586
3 16 18 0.07864104256783733
3 16 19 0.3824738712043295
3 16 20 0.13249748809079698
3 17 1 0.08551360364146654
3 17 2 0.3258551217729829
3 17 3 0.12504500735151092
3 17 5 0.35785561513755904
3 17 6 0.167943200444315
3 17 7 0.1577611718438029
3 17 8 0.4879071548200261
3 17 9 0.43972342600405967
3 17 10 0.2821042998068063
3 17 11 0.2661644853493197
3 17 12 0.3990146758400467
3 17 13 0.10659696933804064
3 17 14 0.004996643672606882
3 17 15 0.441691459464157
3 17 17 0.48106108685826454
3 17 18 0.03408094377794457
3 17 19 0.3926944695600181
3 17 20 0.3773754022985294
3 18 1 0.18492694412569488
3 18 2 0.22278917992230274
3 18 3 0.07308919679925763
3 18 4 0.03985080030198507
3 18 5 0.27081931216344546
3 18 6 0.02040578775294355
3 18 7 0.23207924219965226
3 18 8 0.18805424861691633
3 18 9 0.47079965669157464
3 18 10 0.4196844988839169
3 18 11 0.2651035989591206
3 18 14 0.16084389363261387
3 18 16 0.04117871507392257
3 18 17 0.46796364600417073
3 18 18 0.04152293807110774
3 18 19 0.3259836006310183
3 19 2 0.18601492031292055
3 19 3 0.4701796938710461
3 19 4 0.0013302930182699235
3 19 5 0.14019619395257887
3 19 6 0.22749285116118378
3 19 7 0.04695399310245496
3 19 8 0.225060942428581
3 19 9 0.2793852094017384
3 19 11 0.04666564524682426
3 19 12 0.0723907151195351
3 19 13 0.25180973855545097
3 19 14 0.25819237371354564
3 19 15 0.36618643964168773
3 19 16 0.10772101009823232
3 19 17 0.23653630859256802
3 19 18 0.38452366498365265
3 19 19 0.28381734734827835
3 19 20 0.29541580570008075
3 20 1 0.16728265666540976
3 20 2 0.12378282040069788
3 20 3 0.30654735551500045
3 20 5 0.40945039011674444
3 20 6 0.21070522758330046
3 20 8 0.41612477286413596
3 20 9 0.16957385842643247
3 20 10 0.03619285260329108
3 20 11 0.05401622648329907
3 20 13 0.4570510286726178
3 20 14 0.018141427283682066
3 20 15 0.4849694202907575
3 20 16 0.13520443673245286
3 20 17 0.3765668173976804
3 20 18 0.05915773653458134
3 20 19 0.3794348450859032
4 1 2 0.2999864769284112
4 1 3 0.07936921971095456
4 1 4 0.18049011185389185
4 1 6 0.21069426307138772
4 1 7 0.20677764990269765
4 1 8 0.27341310124481455
4 1 9 0.10049578010756333
4 1 10 0.03761844009683424
4 1 11 0.30083398091967395
4 1 12 0.0710912452325938
4 1 13 0.042425671420811106
4 1 14 0.17464897120213074
4 1 15 0.1968034464016002
4 1 16 0.06473252659944972
4 1 17 0.23415128013882747
4 1 18 0.3110070277553374
4 1 19 0.18472997924232926
4 1 20 0.09281634308291276
4 2 1 0.45933406647021635
4 2 2 0.14824667062911245
4 2 3 0.12879453029797128
4 2 4 0.39334908168860794
4 2 5 0.3417633458602891
4 2 6 0.2711851097828184
4 2 7 0.4110161492306964
4 2 8 0.32617441740672415
4 2 9 0.046327970520217754
4 2 10 0.030782174108921034
4 2 12 0.2746833851286451
4 2 13 0.17557881135440323
4 2 14 0.12985852933295305
4 2 15 0.057323020749506015
4 2 16 0.19391570688527415
4 2 17 0.016605744329518446
4 2 18 0.4567425573027215
4 2 19 0.32470468150963394
4 2 20 0.3126363468318428
4 3 1 0.32321347765815134
4 3 2 0.20730879925195622
4 3 3 0.25563168514547874
4 3 4 0.4698538875779843
4 3 5 0.41333811693675304
4 3 6 0.15712448747159014
4 3 7 0.16081204976289065
4 3 8 0.4471964449716248
4 3 9 0.4756319313792232
4 3 10 0.44364575741168644
4 3 11 0.4337819925156081
4 3 13 0.0017684340067067872
4 3 14 0.472839457711551
4 3 15 0.011960341527565088
4 3 16 0.036499156888732176
4 3 17 0.21285671083116398
4 3 18 0.1316820577046629
4 3 20 0.48432620237783175
4 4 1 0.25175642027245415
4 4 2 0.3889248395434123
4 4 3 0.3500432399774819
4 4 4 0.45601145632388507
4 4 5 0.239675331229115
4 4 6 0.1249393279676877
4 4 7 0.2484912170959961
4 4 8 0.11904515005030725
4 4 9 0.38619266111625894
4 4 10 0.3413680770148092
4 4 11 0.37661036684804816
4 4 12 0.11924326163210186
4 4 13 0.21917991511216972
4 4 14 0.44587398063331085
4 4 15 0.19197038989047632
4 4 16 0.30208479627555374
4 4 17 0.26338659489358873
4 4 18 0.3609558698716083
4 4 20 0.4690863047241015
4 5 2 0.38003317948182747
4 5 3 0.4304031779051777
4 5 4 0.41239830026224755
4 5 5 0.4823035456508502
4 5 6 0.21600661011463673
4 5 7 0.2350211515411691
4 5 8 0.030260968114728115
4 5 9 0.04089503304457254
4 5 10 0.08301173233080605
4 5 11 0.17715072021119427
4 5 12 0.21434433481952753
4 5 13 0.36832499526040563
4 5 14 0.09635751740209075
4 5 15 0.3117793983250493
4 5 16 0.187070598826923
4 5 17 0.1304537138478573
4 5 18 0.4211671446596166
4 5 19 0.14474206197473938
4 5 20 0.17834322336883124
4 6 1 0.3679870371035652
4 6 2 0.02932432619295644
4 6 3 0.04799777517612225
4 6 4 0.27355512595670683
4 6 5 0.49199548017036354
4 6 6 0.06660987925607098
4 6 7 0.1487804324814399
4 6 10 0.27488379340225255
4 6 11 0.4615548006916417
4 6 12 0.007739402378310389
4 6 14 0.43665095278487054
4 6 15 0.3623378822691996
4 6 16 0.2453661871263374
4 6 17 0.13406732756034123
4 6 18 0.225864873879438
4 6 19 0.11064403449832017
4 6 20 0.1829966135823481
4 7 2 0.22262225483661957
4 7 3 0.47209849080397626
4 7 4 0.019316427660477475
4 7 5 0.4933520193653811
4 7 6 0.20340041010000398
4 7 8 0.16428261302910097
4 7 9 0.11381261550928368
4 7 10 0.25893306244610415
4 7 11 0.1500077825155428
4 7 12 0.3046402747164777
4 7 13 0.44619085862782437
4 7 14 0.21546443954062844
4 7 15 0.379048361295083
4 7 16 0.4889488745331775
4 7 17 0.02646917119970027
4 7 18 0.17562507710495168
4 7 20 0.2576177908418179
4 8 1 0.32144779270403756
4 8 2 0.08301288287216535
4 8 3 0.11222281133620637
4 8 4 0.46293131535482646
4 8 5 0.2413951631206429
4 8 6 0.09678192104435779
4 8 7 0.2701589294093898
4 8 8 0.3212026786975193
4 8 9 0.27023178258901626
4 8 11 0.21183694191856273
4 8 13 0.4217788442522026
4 8 14 0.23907084526323796
4 8 15 0.00808707138020126
4 8 18 0.07980550975268219
4 8 19 0.31619725133190246
4 8 20 0.01093996162488553
4 9 1 0.32924817274115126
4 9 2 0.2454829618614066
4 9 3 0.2889519699735551
4 9 5 0.09824357977717879
4 9 6 0.0005640949755679747
4 9 7 0.40640936792961724
4 9 8 0.3373959681158414
4 9 9 0.03016436558624591
4 9 11 0.16109877663381178
4 9 12 0.4150102081968947
4 9 13 0.20245519714204663
4 9 14 0.1020342252366847
4 9 15 0.48514870414296263
4 9 16 0.2760227942147957
4 9 17 0.027385708119411767
4 9 19 0.20644882452276547
4 9 20 0.3173710546578844
4 10 1 0.26712407169506136
4 10 2 0.40038338738094914
4 10 3 0.42346880618768123
4 10 4 0.13892736173298825
4 10 5 0.33811561143167757
4 10 6 0.13134665906890863
4 10 7 0.40285721485381343
4 10 8 0.2501422228024215
4 10 9 0.1945021446285815
4 10 10 0.06337619037415088
4 10 11 0.03447267412516464
4 10 12 0.01615155855264372
4 10 13 0.03338822271918307
4 10 14 0.33589560910190897
4 10 15 0.3090326111791769
4 10 16 0.12599586219804904
4 10 17 0.45910790439452276
4 10 18 0.41524152593717156
4 10 19 0.2008341487416785
4 10 20 0.26762328175676553
4 11 1 0.21293971815628665
4 11 3 0.2060909455108948
4 11 4 0.21382710726816312
4 11 5 0.36326609102030416
4 11 6 0.2631927302055105
4 11 7 0.4526546148822046
4 11 8 0.40855102317533365
4 11 10 0.3900401430183589
4 11 11 0.04944147964278578
4 11 12 0.19809483908958547
4 11 13 0.0034735271374312093
4 11 15 0.23514096013463437
4 11 16 0.2924749189276532
4 11 17 0.3037488234701172
4 11 18 0.26308800458842874
4 11 19 0.47808390313756377
4 11 20 0.19246435880311075
4 12 1 0.18617662084030484
4 12 2 0.28725919825774104
4 12 3 0.026689924291513956
4 12 4 0.10835315318004368
4 12 5 0.2132710750652893
4 12 6 0.42314191671422197
4 12 7 0.3590379346568373
4 12 8 0.015976659535181126
4 12 9 0.45516925237684613
4 12 10 0.298502146447283
4 12 11 0.4634944566809316
4 12 12 0.12951610219107268
4 12 13 0.04648592860119283
4 12 14 0.3906057356830964
4 12 15 0.4887520504775842
4 12 16 0.23785506978038207
4 12 17 0.00870145269084599
4 12 18 0.10810516834092876
4 12 19 0.2534759898042154
4 12 20 0.4357631696913429
4 13 1 0.07312377445144325
4 13 2 0.2523850468838539
4 13 3 0.12282319134519581
4 13 4 0.4946620215000409
4 13 5 0.44783266703325675
4 13 6 0.421483878722844
4 13 7 0.32964121222597875
4 13 8 0.0678302699922787
4 13 9 0.37287058538448714
4 13 10 0.29322837135013824
4 13 11 0.10908881958586436
4 13 12 0.07731633068698596
4 13 13 0.3601777256054277
4 13 15 0.26149589516139216
4 13 17 0.06595425590248083
4 13 19 0.1761736814366638
4 13 20 0.07398826649887857
4 14 2 0.0781764044011597
4 14 3 0.24052050337079944
4 14 4 0.313381087215147
4 14 5 0.14750454518069434
4 14 6 0.25617250273735515
4 14 7 0.030977141776587613
4 14 8 0.3659499682870633
4 14 9 0.32498164291232523
4 14 10 0.2798090922396963
4 14 12 0.46508026579556105
4 14 13 0.49404001626164806
4 14 14 0.18577641745264661
4 14 15 0.2865484752759928
4 14 16 0.19449882752298653
4 14 18 0.08205645808050122
4 14 19 0.396107854103517
4 14 20 0.4048387639082305
4 15 1 0.23443246365224668
4 15 2 0.44178737476549157
4 15 3 0.44701634485590214
4 15 4 0.37382023656865715
4 15 5 0.24023578672960344
4 15 6 0.26538103425745385
4 15 7 0.10290397997266199
4 15 8 0.12942982560167327
4 15 9 0.36020189445221473
4 15 10 0.02818507603257525
4 15 11 0.438063809415154
4 15 12 0.3420104668285331
4 15 13 0.16953295114662725
4 15 14 0.2042876555533114
4 15 15 0.0020735159991015495
4 15 16 0.35254483438399586
4 15 17 0.1618160426212656
4 15 20 0.010856626242031209
4 16 1 0.30385814445364134
4 16 2 0.25730496542950543
4 16 3 0.3239778502927785
4 16 4 0.18413040145590676
4 16 5 0.17843754266130374
4 16 7 0.4296836496693368
4 16 8 0.33094317610353174
4 16 9 0.4462519142989204
4 16 10 0.4488336182056366
4 16 11 0.08157236283942382
4 16 12 0.3085102967982455
4 16 13 0.3100550107734633
4 16 14 0.42871225975946836
4 16 15 0.18313731326355698
4 16 16 0.45237092023236614
4 16 17 0.14412268908008263
4 16 18 0.01705314398370361
4 16 19 0.3169446884602739
4 16 20 0.4922367938354546
4 17 1 0.16420621822315729
4 17 2 0.2678003268252305
4 17 3 0.10624390851592558
4 17 4 0.4093467671695099
4 17 5 0.45855721603232047
4 17 6 0.019001480559566075
4 17 7 0.03287725749315995
4 17 8 0.07881782676527882
4 17 9 0.27862611185571085
4 17 10 0.3820632635098975
4 17 11 0.28130942625996713
4 17 12 0.4454182506337143
4 17 13 0.021940358671559412
4 17 14 0.4277140984143206
4 17 15 0.3350806319169011
4 17 16 0.32055154502266847
4 17 17 0.2586578731280048
4 17 18 0.22994506603265985
4 17 19 0.3656181843834384
4 17 20 0.07816526995032136
4 18 1 0.4399031164308156
4 18 2 0.24935443807650481
4 18 3 0.16300556330291915
4 18 4 0.2412497050314799
4 18 5 0.46181645347593014
4 18 6 0.11544109181243234
4 18 7 0.2916781506471373
4 18 8 0.36565198274936184
4 18 9 0.28146148509773805
4 18 10 0.006316917625584728
4 18 12 0.31864668232710025
4 18 13 0.2749082292269984
4 18 14 0.39984678248345074
4 18 15 0.16360244826898196
4 18 16 0.006544211063272631
4 18 17 0.4402415128945145
4 18 18 0.4770677790932851
4 18 19 0.049523761539160716
4 18 20 0.12144422544456379
4 19 1 0.36742906977825296
4 19 2 0.34838123145711797
4 19 3 0.49598263855692437
4 19 4 0.1430172637083903
4 19 5 0.25899288717666624
4 19 6 0.28029882244153115
4 19 7 0.06359167434659818
4 19 8 0.09549904669080267
4 19 9 0.441531047086952
4 19 10 0.0033928033976297067
4 19 11 0.06684069419910532
4 19 12 0.4717750684447206
4 19 13 0.40761707354139687
4 19 14 0.3554557607496037
4 19 15 0.314553975818862
4 19 16 0.45009588419524726
4 19 17 0.19819638729400624
4 19 18 0.11656341636721823
4 19 19 0.13633569709596172
4 20 1 0.3671714853118119
4 20 3 0.016264729774385978
4 20 4 0.2688529035075018
4 20 6 0.06699200684379125
4 20 7 0.19973630625524796
4 20 8 0.03370219538343855
4 20 9 0.15414588065650625
4 20 10 0.2455586194288265
4 20 11 0.08058650528621081
4 20 12 0.28139516523427477
4 20 13 0.4775043539496675
4 20 14 0.20954730912785224
4 20 15 0.08655226547240291
4 20 16 0.26046752993779754
4 20 17 0.42118569759212987
4 20 18 0.4187895807579932
4 20 19 0.21860633776603788
4 20 20 0.4275622768502012
5 1 1 0.019211461996306967
5 1 2 0.24721482862516375
5 1 4 0.10172071719613918
5 1 5 0.006599680951735909
5 1 6 0.05156193767956507
5 1 7 0.24377593883655568
5 1 8 0.47383557888870464
5 1 9 0.2922778937890357
5 1 10 0.03252501574941791
5 1 11 0.00490313393183639
5 1 12 0.3164627855368424
5 1 13 0.4355646392583994
5 1 15 0.24966034314047347
5 1 16 0.4526741647607142
5 1 17 0.2535424236666268
5 1 18 0.17587473213845994
5 1 19 0.14845838262754318
5 1 20 0.11846961253406652
5 2 1 0.31871189757210816
5 2 2 0.25725400492138795
5 2 3 0.24891524805714815
5 2 4 0.2651319656761204
5 2 5 0.4216239069933553
5 2 6 0.3741976789105834
5 2 7 0.16234443602124615
5 2 8 0.18661836689706324
5 2 9 0.15235090315325084
5 2 10 0.24478691551827736
5 2 11 0.3046747908500229
5 2 12 0.02515968273155955
5 2 13 0.3680158616101117
5 2 14 0.33433717556026066
5 2 15 0.3143022787792146
5 2 16 0.2035844717182812
5 2 17 0.054047239857678786
5 2 18 0.2598718678272066
5 2 19 0.04006252255699305
5 2 20 0.05440556941460739
5 3 1 0.019994397619183424
5 3 2 0.41950634397910036
5 3 4 0.12182158006111599
5 3 5 0.029553018005978537
5 3 6 0.46393187819431336
5 3 8 0.2321748898500653
5 3 9 0.0383501579744141
5 3 10 0.35033396833703934
5 3 11 0.4787172853355659
5 3 12 0.19488832623226615
5 3 13 0.09419866151154965
5 3 14 0.4065099824166829
5 3 15 0.018734290562828382
5 3 16 0.18840003269893102
5 3 17 0.4725085272478601
5 3 18 0.30245005068763076
5 3 19 0.027897766822280956
5 3 20 0.37533147667185685
5 4 1 0.01930729449297508
5 4 2 0.3491420504690028
5 4 3 0.27516597880570637
5 4 4 0.38361975603842247
5 4 5 0.04999680253745964
5 4 6 0.47008007428904397
5 4 8 0.01755715792783219
5 4 9 0.05713217901583412
5 4 10 0.1751530890947689
5 4 11 0.23550026777398936
5 4 12 0.346623947029735
5 4 13 0.4902683070268725
5 4 14 0.3636508855982501
5 4 15 0.08810306984068061
5 4 16 0.2575469332738145
5 4 17 0.20285618652950432
5 4 18 0.01153881015250191
5 4 19 0.14734429635658064
5 4 20 0.239163222735728
5 5 1 0.4165350145847948
5 5 2 0.47443521908054154
5 5 3 0.07439590510346583
5 5 4 0.06064184590738775
5 5 5 0.042204867697911985
5 5 6 0.0637123577878117
5 5 7 0.20933506449432093
5 5 8 0.11512730260941095
5 5 9 0.283369614328858
5 5 10 0.07231443467316012
5 5 11 0.1027634458599318
5 5 12 0.13838874560501369
5 5 13 0.13387555267597506
5 5 14 0.36824222447865085
5 5 15 0.2876138197400615
5 5 16 0.36563513580586926
5 5 17 0.07013250225181433
5 5 18 0.35707987681232356
5 5 19 0.039697967323709005
5 5 20 0.13037592546737176
5 6 1 0.12667513844128453
5 6 2 0.33656333083620305
5 6 4 0.4517108117414731
5 6 5 0.4147366335529836
5 6 6 0.3853336794474571
5 6 7 0.17332844487384858
5 6 8 0.08254186794309071
5 6 9 0.27449551241257863
5 6 10 0.4775253785631003
5 6 11 0.19688231588076877
5 6 12 0.21850426648646348
5 6 15 0.3495953293765486
5 6 16 0.019277824291651702
5 6 17 0.3716797210698358
5 6 18 0.21332057717981945
5 6 19 0.4852949857291674
5 6 20 0.3415355282646634
5 7 1 0.2908123909228635
5 7 2 0.16518530292793165
5 7 3 0.2763519010124612
5 7 4 0.2288649762887861
5 7 5 0.17829354799955888
5 7 7 0.2623396328152069
5 7 8 0.439997066063597
5 7 9 0.4079494555286777
5 7 10 0.39330248040355464
5 7 11 0.09038447772008262
5 7 13 0.06396687237034071
5 7 14 0.45048710453991736
5 7 15 0.4326787924733857
5 7 16 0.03365302820645122
5 7 17 0.28775992720451604
5 7 18 0.06104744607237622
5 7 19 0.2141368016370223
5 7 20 0.3790881418517267
5 8 1 0.0724807593322131
5 8 3 0.2994985598509762
5 8 4 0.21679893649668192
5 8 5 0.2375773078677368
5 8 7 0.36174004203264554
5 8 8 0.3679323879907307
5 8 9 0.32129597416263855
5 8 11 0.48442803524568
5 8 13 0.34447964713137214
5 8 14 0.30851000508030857
5 8 15 0.2254853145930401
5 8 16 0.25033197703718346
5 8 17 0.03849893004199134
5 8 18 0.18367105243330029
5 8 19 0.2788417670047585
5 8 20 0.41574686877227685
5 9 1 0.3066334494525621
5 9 2 0.13397631954753686
5 9 3 0.2867449570805729
5 9 4 0.22730970544717044
5 9 5 0.4937533322577098
5 9 7 0.06313883674144227
5 9 8 0.3454189924495571
5 9 9 0.34793969144387715
5 9 10 0.09719187478222946
5 9 12 0.2985939079335429
5 9 13 0.3903876394966723
5 9 14 0.373507540778811
5 9 15 0.4177152719104278
5 9 16 0.02545459134729322
5 9 17 0.48767974924782154
5 9 18 0.28747245454308923
5 9 19 0.1439574923683853
5 9 20 0.11930550782298155
5 10 1 0.024673439098651384
5 10 2 0.4820682323758221
5 10 3 0.07516431421826208
5 10 5 0.13490068115940057
5 10 6 0.24452288870997274
5 10 7 0.13806216457017928
5 10 8 0.48290791680733924
5 10 9 0.3672399172595304
5 10 10 0.22596562878916293
5 10 11 0.427606529457227
5 10 12 0.4533772329359448
5 10 13 0.020374045737654223
5 10 14 0.09162697087504701
5 10 15 0.17749285743521415
5 10 16 0.07710732922672836
5 10 17 0.43361914159801596
5 10 18 0.11778498560341388
5 10 19 0.10496155559015397
5 10 20 0.24805865715779774
5 11 1 0.10398152230933277
5 11 2 0.06738729677703703
5 11 3 0.3776904342253362
5 11 4 0.4998619389844766
5 11 5 0.046103390188107385
5 11 6 0.11503584265482569
5 11 7 0.27358161455685004
5 11 8 0.036283135670040934
5 11 10 0.43156467906182616
5 11 11 0.19606206517439073
5 11 12 0.40321045222940977
5 11 13 0.27453235754992167
5 11 14 0.26786007430902004
5 11 15 0.06124036418740342
5 11 16 0.20898810569616266
5 11 17 0.33548082340173846
5 11 18 0.35500181781311446
5 11 19 0.2656281084291625
5 11 20 0.05669075590075168
5 12 1 0.47046693521000804
5 12 2 0.18917746792178947
5 12 3 0.4634235708625247
5 12 4 0.25361900544381666
5 12 5 0.18864002448000505
5 12 6 0.4323999375180563
5 12 7 0.09796821799574829
5 12 8 0.17908623803293078
5 12 9 0.06289763232941226
5 12 10 0.2602328859191786
5 12 11 0.20283593346146778
5 12 12 0.15339570672409963
5 12 13 0.0552519235867589
5 12 14 0.20529925620706724
5 12 15 0.18690867786104215
5 12 16 0.23834618657121365
5 12 17 0.48736911352522505
5 12 18 0.1104324426615062
5 12 19 0.011242293758206845
5 12 20 0.16745480330874085
5 13 1 0.3148414689110768
5 13 2 0.3488727443002062
5 13 3 0.2739059408159634
5 13 5 0.4193386030817734
5 13 7 0.359329576698902
5 13 8 0.3319561464904982
5 13 9 0.2485403867975654
5 13 10 0.32329441556782124
5 13 11 0.3271516319136827
5 13 12 0.23902558748835379
5 13 13 0.10130051381890504
5 13 14 0.3602621952775571
5 13 15 0.026216764167555806
5 13 16 0.4999702209906426
5 13 17 0.4079683607947562
5 13 18 0.3624659335061128
5 13 19 0.30958691574106356
5 14 1 0.3210945888653701
5 14 2 0.03331049331038416
5 14 3 0.07919962819700443
5 14 4 0.2011019063819245
5 14 5 0.3060587719445669
5 14 6 0.3341496283572486
5 14 7 0.17949295842414326
5 14 8 0.08560734936364967
5 14 9 0.06904082838276437
5 14 10 0.33690973997151996
5 14 11 0.009303638487567545
5 14 12 0.48658813524106326
5 14 14 0.024631488519303302
5 14 15 0.03793914744671789
5 14 16 0.044360534242849914
5 14 17 0.4811924022260866
5 14 18 0.2430433463112387
5 14 19 0.3652130578680298
5 14 20 0.2933861137035223
5 15 1 0.4835015919055412
5 15 2 0.011928142215196225
5 15 3 0.35454915377356744
5 15 4 0.2910043667147766
5 15 5 0.31302400821665743
5 15 6 0.09000690968308955
5 15 8 0.2840371578756955
5 15 9 0.04648671969106721
5 15 10 0.3860787029284529
5 15 12 0.32333289562199874
5 15 13 0.14371452972199994
5 15 14 0.21309366603878221
5 15 15 0.3656119430558622
5 15 16 0.34801037151265757
5 15 17 0.059198567488481846
5 15 18 0.26361870906845297
5 15 19 0.0930616536795913
5 15 20 0.014801700521484107
5 16 1 0.14960021510651678
5 16 2 0.20144678202034705
5 16 3 0.4743250349009034
5 16 4 0.39558552546575276
5 16 5 0.22157977495293446
5 16 6 0.37380741913672866
5 16 7 0.18633158914520354
5 16 9 0.13600076559588403
5 16 10 0.28574821671832706
5 16 11 0.2938112745371195
5 16 12 0.33425548851995823
5 16 13 0.36761768647225657
5 16 14 0.06532401244486796
5 16 15 0.42454457415686153
5 16 16 0.11258100632856516
5 16 17 0.24146168461159923
5 16 19 0.2070397640151903
5 16 20 0.49399789212585754
5 17 1 0.4691264131310856
5 17 2 0.22458788713360023
5 17 3 0.000698688196047792
5 17 4 0.022371669021202134
5 17 5 0.1168104761606058
5 17 6 0.21697498243678337
5 17 7 0.10007410164684905
5 17 8 0.4742215466759463
5 17 9 0.0814929910615787
5 17 10 0.11278591604745936
5 17 12 0.02685491022546982
5 17 13 0.061870687583092665
5 17 14 0.053250854278914184
5 17 15 0.22239169642762857
5 17 16 0.4866462450722745
5 17 17 0.011745224247428299
5 17 18 0.11578440442462756
5 17 20 0.040253684367054565
5 18 1 0.40847220946337726
5 18 2 0.3171808536143944
5 18 3 0.18008523732675596
5 18 5 0.3569475110093919
5 18 6 0.0775752715377499
5 18 7 0.30523865965398
5 18 9 0.18177099588272194
5 18 10 0.2563809256681634
5 18 12 0.47170397502448946
5 18 13 0.4754495242381118
5 18 14 0.00036612395396551367
5 18 15 0.11432805722182826
5 18 16 0.014039889408244854
5 18 17 0.06722193113803587
5 18 19 0.4851191737250127
5 18 20 0.12302480588320364
5 19 1 0.08804330275726402
5 19 3 0.31045895270977675
5 19 4 0.301140715406357
5 19 5 0.04037426858673254
5 19 6 0.23516100125155492
5 19 8 0.24827145882796475
5 19 9 0.1788345087179919
5 19 10 0.09001272260355808
5 19 11 0.37738090805926405
5 19 12 0.31321966922439226
5 19 13 0.2238672862996527
5 19 14 0.4414596059204785
5 19 15 0.09631431588879602
5 19 16 0.25595821367984095
5 19 17 0.3092646002083945
5 19 18 0.06992110549812747
5 19 19 0.17559136324791103
5 19 20 0.18432531499188043
5 20 1 0.23209820605167575
5 20 2 0.4674862115070605
5 20 3 0.025235034155386193
5 20 4 0.13406246543555567
5 20 5 0.3364878106407764
5 20 6 0.2258507404366895
5 20 7 0.29667712475383246
5 20 8 0.06787057822962517
5 20 9 0.47379818692407083
5 20 10 0.014980991801184285
5 20 11 0.17878751210965382
5 20 12 0.0005119598278806592
5 20 14 0.06674600844499301
5 20 15 0.4422436879155177
5 20 16 0.4920980182925747
5 20 17 0.0015132929998946665
5 20 19 0.40233369742588543
5 20 20 0.01563631368602081
6 1 1 0.10354437513655346
6 1 3 0.4811441762174782
6 1 4 0.4041537505955133
6 1 5 0.43161056116719465
6 1 6 0.25075096633263516
6 1 7 0.4898992788370182
6 1 8 0.46571864654899375
6 1 10 0.19273169180640437
6 1 11 0.4385913789858039
6 1 12 0.36473371477056693
6 1 15 0.4395005437185654
6 1 16 0.06230890783233989
6 1 17 0.3198212845990738
6 1 18 0.4394143473951373
6 1 19 0.25558115341897636
6 1 20 0.06171399931808297
6 2 1 0.17363501280085625
6 2 2 0.29089185365769665
6 2 3 0.4111734530702289
6 2 4 0.03517972784306023
6 2 5 0.2552008440187232
6 2 6 0.4653140233241624
6 2 7 0.3473579544901847
6 2 8 0.14715065758456303
6 2 10 0.2820278654934465
6 2 11 0.2413530701936969
6 2 12 0.0016852664333449896
6 2 14 0.48703809718457813
6 2 15 0.49313236377846437
6 2 16 0.22961148653483332
6 2 17 0.30262982615951384
6 2 18 0.03605521275449297
6 2 19 0.044001202518310745
6 2 20 0.30498102840730656
6 3 1 0.37134196495247074
6 3 2 0.02914031224252367
6 3 4 0.37866118287348915
6 3 5 0.16803208597120134
6 3 6 0.13513078134346856
6 3 7 0.012369771908933291
6 3 8 0.2020438643557888
6 3 9 0.26418728275626246
6 3 10 0.39216089005963994
6 3 11 0.4531457274673262
6 3 12 0.373750950730912
6 3 13 0.4145907295338308
6 3 14 0.45869779980745595
6 3 15 0.22781375194800102
6 3 16 0.1735644472110106
6 3 17 0.43936463964069983
6 3 18 0.22908407827471933
6 3 19 0.14429396188615784
6 3 20 0.03805049128766613
6 4 1 0.15820990548753966
6 4 2 0.45692187991301425
6 4 3 0.05760957891896157
6 4 4 0.08099656748602069
6 4 5 0.13128143432191353
6 4 6 0.21876381131018008
6 4 7 0.1875118938046184
6 4 8 0.047282683997936004
6 4 9 0.34032808810821724
6 4 10 0.37907344361483075
6 4 11 0.09788545004259919
6 4 12 0.49084279386865615
6 4 13 0.36983658424076316
6 4 14 0.4438062500083987
6 4 16 0.02587506257177341
6 4 17 0.08484934918634612
6 4 18 0.2868867750116736
6 4 19 0.19866024855535425
6 4 20 0.4456262701551468
6 5 1 0.4080099604258808
6 5 2 0.2821327626233654
6 5 3 0.004935153168182715
6 5 4 0.11253887179013067
6 5 6 0.08679724727868665
6 5 7 0.4640283800380868
6 5 8 0.05761748397498967
6 5 9 0.11797279772206581
6 5 10 0.38834987910654784
6 5 11 0.05263134054922325
6 5 12 0.3297604055329165
6 5 14 0.19745191773870052
6 5 15 0.44726675149242057
6 5 16 0.17089171333291564
6 5 18 0.3302062623791908
6 5 20 0.18189989682359753
6 6 1 0.39244497997536376
6 6 2 0.28010346403885567
6 6 3 0.10074857991626707
6 6 4 0.13663103703821466
6 6 5 0.2255292256778535
6 6 6 0.2032672510922583
6 6 7 0.3307417292139052
6 6 8 0.12470291847478865
6 6 10 0.011230351343503475
6 6 11 0.3191886337597869
6 6 12 0.28791926314403327
6 6 13 0.17555685115836195
6 6 14 0.2018344013303779
6 6 16 0.20634258472193878
6 6 18 0.334352181706852
6 6 20 0.46023639369316116
6 7 1 0.23373964898707356
6 7 2 0.2989214911703162
6 7 3 0.04938395631813175
6 7 4 0.2713099273913815
6 7 5 0.4324698202359346
6 7 6 0.46080213417748583
6 7 7 0.3471535456055601
6 7 8 0.41030565811428255
6 7 10 0.12059914133096339
6 7 11 0.32071085296629587
6 7 12 0.03345142267188028
6 7 13 0.15842077120437226
6 7 14 0.22131934736336156
6 7 15 0.0037695262769542603
6 7 16 0.010026071700349193
6 7 18 0.18572685213356133
6 7 19 0.4277413543492682
6 7 20 0.05415527926527852
6 8 1 0.35982319176730726
6 8 3 0.36876537436710377
6 8 5 0.21051043149109938
6 8 6 0.1361459981494464
6 8 7 0.2213688034473703
6 8 8 0.12907486752177666
6 8 9 0.10406787268990847
6 8 10 0.19575054626507715
6 8 11 0.3631769631405899
6 8 12 0.025578241003965774
6 8 13 0.3390871186335658
6 8 14 0.056152043388715045
6 8 15 0.19373538017579273
6 8 16 0.2818507596400647
6 8 17 0.3573077209751032
6 8 18 0.32147042421038263
6 8 19 0.3342663888177543
6 9 3 0.13086292347725648
6 9 4 0.15889367764835594
6 9 5 0.3886358018007866
6 9 6 0.12469840268356958
6 9 7 0.05050607524524209
6 9 8 0.18378056569775403
6 9 9 0.11448695036453194
6 9 10 0.43128334268742285
6 9 11 0.029750481939551987
6 9 12 0.44097915801084797
6 9 13 0.3321490367428348
6 9 14 0.3534857496739915
6 9 15 0.019332657948547882
6 9 16 0.00839168836992632
6 9 18 0.17698680702698444
6 9 19 0.26755222260770606
6 9 20 0.18165187765202906
6 10 1 0.4062459291871441
6 10 2 0.17694357128548333
6 10 3 0.09531546418045544
6 10 4 0.17991537887053666
6 10 6 0.3875693104739758
6 10 7 0.13372048910123002
6 10 8 0.4425171078740674
6 10 9 0.4953127436803456
6 10 10 0.04764165662355213
6 10 11 0.1760741911875694
6 10 12 0.49620001781077017
6 10 13 0.18281186717881504
6 10 14 0.299591931560399
6 10 15 0.21346558749298084
6 10 16 0.4042856739012928
6 10 17 0.4775152006576785
6 10 18 0.2832506588266698
6 10 19 0.3475414017328573
6 10 20 0.2159679770109284
6 11 2 0.3083017274954596
6 11 3 0.475760624221953
6 11 4 0.27990450583617776
6 11 5 0.1804432904483817
6 11 6 0.21370222606961486
6 11 8 0.07442544605465062
6 11 9 0.3675187700707683
6 11 10 0.038861300769906015
6 11 11 0.012126944371952608
6 11 13 0.4728920324959077
6 11 14 0.2125312412408994
6 11 15 0.09651248433113035
6 11 16 0.05697758100948158
6 11 17 0.3836162412419378
6 11 18 0.2043498781767873
6 11 19 0.11978102832082771
6 11 20 0.39076364727736834
6 12 2 0.13277963296135153
6 12 4 0.29618707060647975
6 12 5 0.1416825264066791
6 12 8 0.3618958484807727
6 12 9 0.00597421121948194
6 12 10 0.19874408858955295
6 12 11 0.3862236630216448
6 12 12 0.03308748167585296
6 12 13 0.03785456513006713
6 12 14 0.36428017261626033
6 12 15 0.37981339130647107
6 12 17 0.21919007386376965
6 12 18 0.41486514495132243
6 12 19 0.3283536427176955
6 12 20 0.08594005821600892
6 13 1 0.009528781610199655
6 13 2 0.35647221450002975
6 13 3 0.4171210828917804
6 13 5 0.42377210136323906
6 13 6 0.3287207855283629
6 13 7 0.33827082944527465
6 13 8 0.17127250070898725
6 13 9 0.3256517500719526
6 13 10 0.04545753181851686
6 13 11 0.48608005285199163
6 13 12 0.27511045767165543
6 13 13 0.19797608392257282
6 13 14 0.39603011468384564
6 13 16 0.1799876110902997
6 13 17 0.27591232412833067
6 13 18 0.2504799063964276
6 13 19 0.14180097416067428
6 13 20 0.4290536513034503
6 14 1 0.40854864678916203
6 14 2 0.024092770203026803
6 14 3 0.3557365285440385
6 14 4 0.10393267064962686
6 14 6 0.06864299613837765
6 14 7 0.4215509521906692
6 14 8 0.24731262152070943
6 14 9 0.0163182912913844
6 14 10 0.2658093146174614
6 14 11 0.3750395029393334
6 14 12 0.37575726176203683
6 14 13 0.447294193250506
6 14 14 0.28910976204301597
6 14 15 0.37627601043438663
6 14 16 0.04662569688612306
6 14 17 0.2409597727249374
6 14 18 0.2887955285290785
6 14 19 0.37931921869146024
6 14 20 0.07554144495127912
6 15 1 0.3753958736835764
6 15 2 0.11713062166524779
6 15 3 0.18457226896733125
6 15 4 0.3712455632575419
6 15 5 0.4416261685365117
6 15 6 0.4437399770502606
6 15 8 0.05209453096926009
6 15 9 0.05286967339701787
6 15 10 0.20656211092408272
6 15 11 0.006999520976703089
6 15 12 0.14663843333121218
6 15 14 0.2556843673906367
6 15 15 0.4873557371327517
6 15 16 0.32634897157541654
6 15 18 0.11080046241067354
6 15 19 0.08862392046722667
6 15 20 0.13872750643909548
6 16 1 0.4699433545486501
6 16 2 0.05568522343121329
6 16 3 0.17959996201409645
6 16 5 0.2830406705995687
6 16 6 0.195284661255669
6 16 7 0.3998455437524434
6 16 8 0.37956585595883163
6 16 9 0.4798933065463439
6 16 10 0.2658637639673198
6 16 11 0.012610131874497554
6 16 12 0.3069846048268985
6 16 13 0.19297806541716978
6 16 14 0.34699570143060876
6 16 15 0.14100235828487073
6 16 17 0.43911894337551405
6 16 18 0.27731797107840217
6 16 19 0.4899465460349617
6 16 20 0.05887224491483645
6 17 1 0.38903672643318454
6 17 2 0.04520073649415979
6 17 3 0.20815962514488406
6 17 4 0.43438343198966956
6 17 5 0.17901649037565937
6 17 6 0.15242134222677173
6 17 7 0.15385073587250764
6 17 8 0.39646345967633345
6 17 9 0.4394279262110574
6 17 11 0.09571277849949833
6 17 12 0.1646927471104953
6 17 13 0.38037095094307694
6 17 14 0.21997415716293423
6 17 15 0.15698506047801442
6 17 16 0.25272976425167415
6 17 18 0.014216087150947798
6 18 1 0.055842009016081606
6 18 3 0.46708564023884447
6 18 4 0.2526031454599409
6 18 5 0.036644875957562495
6 18 6 0.25530070784715353
6 18 7 0.351472022201771
6 18 8 0.2692856899083933
6 18 9 0.23946644711390852
6 18 10 0.12340257158000534
6 18 11 0.13276927684260054
6 18 12 0.054362098254656765
6 18 13 0.41453662461067975
6 18 14 0.4156036002616208
6 18 15 0.04836485276279123
6 18 16 0.206502718707533
6 18 18 0.1093256686789077
6 18 19 0.24272320607535136
6 18 20 0.11332323132872524
6 19 1 0.45097908264246356
6 19 2 0.462092594430461
6 19 3 0.13430185344652368
6 19 4 0.23620645785982386
6 19 5 0.01928162920679455
6 19 6 0.11868748180986699
6 19 7 0.41197032819620094
6 19 8 0.1238092751476022
6 19 9 0.09289953383131211
6 19 10 0.3330775694050143
6 19 11 0.4983078231967534
6 19 12 0.10726703402833748
6 19 13 0.3595435291298148
6 19 14 0.4089809832139554
6 19 15 0.2516990873287974
6 19 16 0.44022682167276483
6 19 17 0.20259015257327695
6 19 18 0.003306088982823474
6 19 19 0.26109005895212956
6 19 20 0.4098384074050907
6 20 1 0.49270495032929407
6 20 2 0.4400632653784563
6 20 3 0.02578439351219397
6 20 5 0.45535342431014114
6 20 6 0.036720125609780774
6 20 7 0.35908521352303124
6 20 8 0.02704497036915232
6 20 9 0.3138222422436434
6 20 10 0.18609481669116823
6 20 11 0.2289763454140087
6 20 13 0.21486384601576936
6 20 14 0.18595815777688895
6 20 15 0.14663124796455396
6 20 16 0.42050555993504213
6 20 17 0.36824493126079905
6 20 18 0.23200157480984873
6 20 19 0.0661118885680908
6 20 20 0.2370961631464944
