title
n = 10
P = 10
1 1 4
1 2 7
1 3 2
1 4 3
1 5 5
1 6 7
1 7 2
1 8 9
1 9 8
1 10 2
2 1 6
2 2 4
2 3 5
2 4 5
2 5 2
2 6 4
2 7 5
2 8 7
2 9 10
2 10 4
3 1 3
3 2 10
3 3 5
3 4 4
3 5 7
3 6 3
3 7 9
3 8 6
3 9 7
3 10 9
4 1 1
4 2 4
4 3 8
4 4 5
4 5 5
4 6 8
4 7 8
4 8 2
4 9 8
4 10 6
5 1 8
5 2 8
5 3 3
5 4 5
5 5 3
5 6 7
5 7 7
5 8 8
5 9 8
5 10 1
6 1 2
6 2 6
6 3 6
6 4 1
6 5 5
6 6 2
6 7 1
6 8 9
6 9 7
6 10 5
7 1 9
7 2 6
7 3 2
7 4 7
7 5 8
7 6 1
7 7 6
7 8 2
7 9 6
7 10 5
8 1 8
8 2 9
8 3 5
8 4 7
8 5 6
8 6 7
8 7 8
8 8 2
8 9 2
8 10 2
9 1 1
9 2 8
9 3 1
9 4 8
9 5 4
9 6 3
9 7 4
9 8 4
9 9 8
9 10 8
10 1 9
10 2 4
10 3 4
10 4 7
10 5 2
10 6 7
10 7 1
10 8 2
10 9 7
10 10 5
1 1 1 0.42527227511961097
1 1 4 0.24169723222743789
1 1 5 0.042849516150545774
1 1 6 0.14250853096315375
1 1 7 0.21439011300464006
1 1 8 0.21674948969582397
1 1 9 0.22979103013781332
1 1 10 0.4562396862507033
1 2 1 0.13376108050038604
1 2 2 0.12493691270298923
1 2 3 0.2743316230014946
1 2 5 0.0027928763082326613
1 2 6 0.2564997598329285
1 2 7 0.46826509684369566
1 2 8 0.2713457738197661
1 2 9 0.3251870735670743
1 2 10 0.3598223156087955
1 3 1 0.054534181583336006
1 3 3 0.21376032691122648
1 3 4 0.20449659419925836
1 3 5 0.23817912911870176
1 3 6 0.4802702501688474
1 3 7 0.43102499340918865
1 3 8 0.4776730130317699
1 3 9 0.4111836605302942
1 3 10 0.32392101346889135
1 4 1 0.08954872480916021
1 4 2 0.25693340599345005
1 4 4 0.07432674827455243
1 4 5 0.4939551493834128
1 4 6 0.009882681285800943
1 4 7 0.03600458231587278
1 4 8 0.29368784775127066
1 4 9 0.06673539294898945
1 4 10 0.1848540771539029
1 5 1 0.41083839540290923
1 5 2 0.05404382123054019
1 5 3 0.14195950480541908
1 5 4 0.05772216211735859
1 5 5 0.1968076711840252
1 5 7 0.3420451975108183
1 5 8 0.37067582127116283
1 5 10 0.4606801725992029
1 6 1 0.0885707934203952
1 6 2 0.4704241019186328
1 6 3 0.30889891772333977
1 6 4 0.47759272767204364
1 6 5 0.1760687083727136
1 6 7 0.23968647715755398
1 6 8 0.12961976530086106
1 6 9 0.41693797106278463
1 6 10 0.3342276434677156
1 7 1 0.34296144339103174
1 7 2 0.22603651277005177
1 7 3 0.34644877624015136
1 7 4 0.47855003732091694
1 7 5 0.2272559930523308
1 7 6 0.05303543782843667
1 7 7 0.061550113749531676
1 7 8 0.44134018729737623
1 7 9 0.23059796533172583
1 7 10 0.1495393086200435
1 8 2 0.39550529812670476
1 8 3 0.09938386418794798
1 8 4 0.0650860077373554
1 8 5 0.4740867461841559
1 8 7 0.18871535822525343
1 8 8 0.006340846713603021
1 8 9 0.4270485734244557
1 8 10 0.3905965309122851
1 9 1 0.010646506370789233
1 9 2 0.08422821545423043
1 9 3 0.3760804876436692
1 9 4 0.3217971267905547
1 9 5 0.3505553416376366
1 9 6 0.44625535224002977
1 9 7 0.1797557750322063
1 9 8 0.0024358732613104506
1 9 9 0.4918866075899109
1 9 10 0.40672597914190345
1 10 1 0.30408670019555306
1 10 2 0.22275311297120504
1 10 3 0.4178881552306607
1 10 4 0.1210488025302846
1 10 5 0.3683830416039272
1 10 7 0.09268113878533468
1 10 8 0.2586478922794122
1 10 9 0.11363225498534602
2 1 1 0.26188140527862735
2 1 2 0.37248891666627093
2 1 3 0.3968813018021017
2 1 4 0.2680851065040917
2 1 5 0.11755463967447144
2 1 6 0.2607689871732467
2 1 8 0.37735610418185217
2 1 9 0.12133635615015714
2 2 1 0.03783409379254976
2 2 2 0.32682563950996935
2 2 3 0.3918609802418662
2 2 5 0.2533192275707875
2 2 6 0.2553522105916898
2 2 8 0.414263924516571
2 2 9 0.15947449055021867
2 2 10 0.29745738516485776
2 3 1 0.34905369036251555
2 3 2 0.4209106827182494
2 3 3 0.4974467815404917
2 3 4 0.25647382877285974
2 3 5 0.03270143853368901
2 3 6 0.28934500971080457
2 3 7 0.2153277846340662
2 3 8 0.17123021033338992
2 3 9 0.34840174357099263
2 3 10 0.13523402218903013
2 4 2 0.05504635139771363
2 4 3 0.23535062754360503
2 4 4 0.2940779218084614
2 4 6 0.2545066866091439
2 4 8 0.3710745878660494
2 4 9 0.07186758795441972
2 4 10 0.2111429129121032
2 5 1 0.3449606473000487
2 5 2 0.0814743196715485
2 5 3 0.35904476604254065
2 5 4 0.30924366904981293
2 5 6 0.05480168802547003
2 5 7 0.19034570546745222
2 5 8 0.2377436725560247
2 5 10 0.001684186449783187
2 6 1 0.3621900501599675
2 6 2 0.37098117685143994
2 6 3 0.015146886561158368
2 6 4 0.07642861618991792
2 6 5 0.4222845368726589
2 6 6 0.38438550140821415
2 6 7 0.36459579715510704
2 6 8 0.052445482090313744
2 6 9 0.25884850548959226
2 6 10 0.046345135786923786
2 7 2 0.17635669492089512
2 7 3 0.24761170846877933
2 7 4 0.14860622934280165
2 7 5 0.04621526626921846
2 7 6 0.16753979652247553
2 7 7 0.024196636398689852
2 7 8 0.037645902643716256
2 7 9 0.07508848299990012
2 7 10 0.34300080531389254
2 8 1 0.056088848629244126
2 8 2 0.4143556363038662
2 8 3 0.05276250915917213
2 8 4 0.12326023980487621
2 8 5 0.40679922093513066
2 8 6 0.4468307742416161
2 8 8 0.10490916335032474
2 8 9 0.30216018289572244
2 9 1 0.3153478890371092
2 9 2 0.292443962590922
2 9 3 0.042492795671696615
2 9 4 0.12678053207813422
2 9 5 0.22022902197827454
2 9 6 0.2425448528035553
2 9 7 0.2648383972484579
2 9 8 0.4605413118105838
2 9 9 0.42138990516885333
2 9 10 0.4941156864717383
2 10 1 0.08074208157715235
2 10 3 0.44644799999871276
2 10 4 0.13541454004043663
2 10 5 0.16969233181360432
2 10 7 0.20529492144601313
2 10 8 0.27052223772315154
2 10 9 0.31002700367638647
3 1 1 0.07329869720666171
3 1 2 0.15349556594524338
3 1 3 0.35010360214360925
3 1 4 0.06570762534753527
3 1 5 0.1709304846686034
3 1 6 0.4462340220404243
3 1 7 0.42219646603769456
3 1 8 0.0456075143112864
3 1 9 0.35651025574148554
3 1 10 0.3988236163611262
3 2 3 0.21380593941900472
3 2 4 0.30476359581192747
3 2 5 0.12735465608555585
3 2 6 0.23381890142425021
3 2 7 0.25132572952842347
3 2 8 0.32196740733429574
3 2 9 0.29648701540328204
3 2 10 0.17746647496467283
3 3 1 0.30151019109939536
3 3 2 0.16283321118157068
3 3 3 0.15622664261049524
3 3 4 0.02431567037485316
3 3 5 0.1675127938449098
3 3 6 0.44814755715391386
3 3 7 0.28168138684922017
3 3 8 0.255795855900637
3 3 9 0.36885389752918707
3 3 10 0.3477157518546917
3 4 1 0.17524813020013796
3 4 2 0.34834245921988816
3 4 3 0.35148936543813536
3 4 4 0.12267367828244091
3 4 5 0.1203508144539357
3 4 6 0.10969078012431421
3 4 7 0.35384091624481595
3 4 8 0.46275684595491406
3 4 9 0.06572402345452066
3 4 10 0.04853439968345308
3 5 1 0.27459374409726234
3 5 2 0.1345499206468853
3 5 3 0.1816277317062065
3 5 4 0.15522132866088256
3 5 5 0.025002395250949383
3 5 6 0.20511674274971803
3 5 7 0.4037671130546646
3 5 8 0.14221146025584464
3 5 9 0.4462847120329194
3 5 10 0.384069389712986
3 6 1 0.338515807795401
3 6 2 0.16308929914596804
3 6 3 0.12087840367455649
3 6 4 0.1379183488095016
3 6 5 0.21199182495127245
3 6 6 0.09796825228366268
3 6 7 0.03919200532233502
3 6 8 0.0965516963770301
3 6 9 0.31733479239671325
3 6 10 0.015857419354991964
3 7 1 0.3362230552511475
3 7 2 0.2693295310791315
3 7 3 0.3048637620906902
3 7 4 0.030534393929223858
3 7 5 0.037222761778825664
3 7 6 0.46130772322305513
3 7 7 0.0712511830217577
3 7 8 0.1435408935271899
3 7 9 0.22635431813746698
3 7 10 0.37411005545274933
3 8 1 0.0446826354205625
3 8 2 0.0845064964207568
3 8 3 0.18318637422496986
3 8 4 0.057522065812375844
3 8 5 0.051148805561503474
3 8 6 0.26133096993793203
3 8 7 0.34678782526296326
3 8 8 0.16025639990751284
3 8 9 0.46079689330995666
3 8 10 0.10551053200489557
3 9 1 0.36417306256015136
3 9 2 0.37325936881654187
3 9 3 0.2547610664240708
3 9 4 0.004341275900306862
3 9 5 0.3589922638638541
3 9 6 0.23955326850512537
3 9 8 0.4324850819205307
3 9 9 0.2824685841695104
3 9 10 0.4156955888473164
3 10 1 0.012632555113987753
3 10 2 0.27754647161262047
3 10 3 0.4078907729364176
3 10 4 0.3242194430436861
3 10 5 0.11453399039400303
3 10 6 0.07948091775684296
3 10 7 0.1646812852189008
3 10 8 0.19042625821702486
3 10 10 0.2722238815095126
4 1 1 0.060878274777354635
4 1 2 0.33628857821671077
4 1 3 0.08398493186262312
4 1 4 0.4636913775313056
4 1 5 0.41621268447668236
4 1 6 0.1828339376657353
4 1 7 0.384981563248345
4 1 8 0.33549020168487853
4 1 10 0.12483210561723068
4 2 1 0.01916988936438635
4 2 2 0.2113008154583168
4 2 3 0.48784349128326354
4 2 4 0.38477998598063956
4 2 6 0.018103769575643636
4 2 7 0.3097946231203179
4 2 9 0.06345758468230067
4 2 10 0.3789729597407856
4 3 1 0.18228289485824745
4 3 2 0.07971197647345474
4 3 3 0.29465603032737786
4 3 4 0.11802421936586194
4 3 5 0.46735545807679346
4 3 7 0.013086712270951262
4 3 9 0.28419983014457206
4 3 10 0.4372804402292595
4 4 1 0.47610563431815867
4 4 2 0.48058539408148804
4 4 3 0.24468606119101632
4 4 4 0.23561201560704093
4 4 5 0.13771509503910384
4 4 6 0.17875688912901766
4 4 7 0.007393901319593277
4 4 8 0.07316904758891318
4 4 9 0.43537763900906834
4 4 10 0.29915019244443364
4 5 2 0.4575437167760611
4 5 4 0.20190080302522118
4 5 5 0.3944793922107368
4 5 6 0.40208121471621083
4 5 7 0.20600656544393214
4 5 8 0.2244480881811587
4 5 9 0.0010799859219293717
4 5 10 0.2733611186713657
4 6 1 0.35803048126337267
4 6 2 0.31839972019994467
4 6 3 0.28667062154556433
4 6 4 0.3966044446704702
4 6 5 0.48232653575082196
4 6 6 0.17641197383528484
4 6 7 0.4750191652081097
4 6 8 0.27688701693761775
4 6 9 0.4927545976467208
4 6 10 0.07221891284789261
4 7 1 0.3796937342768292
4 7 3 0.32588311657815194
4 7 4 0.31205365313070554
4 7 5 0.044736656767186855
4 7 6 0.2520828388383132
4 7 7 0.4069316648782211
4 7 8 0.45321166412183045
4 7 9 0.1383645015514513
4 7 10 0.29925513415652116
4 8 1 0.06518894129162811
4 8 2 0.1718025690650692
4 8 3 0.16559656372679432
4 8 4 0.05324955226837669
4 8 5 0.20727470266725656
4 8 6 0.49882978654821897
4 8 7 0.42330416597321796
4 8 8 0.0988038780392454
4 8 9 0.27259509272864113
4 8 10 0.43587077407671027
4 9 1 0.39061368928515106
4 9 2 0.18657030939563368
4 9 3 0.17225877363784559
4 9 4 0.02594833227108162
4 9 5 0.1513349189983293
4 9 6 0.21311450628298279
4 9 7 0.09676970873446711
4 9 8 0.09667000299795336
4 9 10 0.11762858611906213
4 10 3 0.4651205247438478
4 10 4 0.08178488656410787
4 10 5 0.3989845442788369
4 10 6 0.029103716777980848
4 10 7 0.11002852250467299
4 10 8 0.42307047425091515
4 10 9 0.32370551776804246
4 10 10 0.39038360149488127
5 1 1 0.20397015575975708
5 1 2 0.4147790373932748
5 1 3 0.1710275595103663
5 1 4 0.14820626792908642
5 1 5 0.37199428661674827
5 1 6 0.40780623945374816
5 1 7 0.46220156823317105
5 1 8 0.44651403463651906
5 1 9 0.18695941099311575
5 1 10 0.22056365293641023
5 2 1 0.40607679973790756
5 2 2 0.044678575070066784
5 2 3 0.47111367477562727
5 2 4 0.2659980559099705
5 2 5 0.48234915376373777
5 2 6 0.2239050169422423
5 2 7 0.16758494396462653
5 2 8 0.4224178906101912
5 2 9 0.3437285982820547
5 2 10 0.04701348622720336
5 3 2 0.2923212114224869
5 3 3 0.42222379263504706
5 3 4 0.3009906341253067
5 3 5 0.44395439540008186
5 3 7 0.14873029319518072
5 3 8 0.0782747861876738
5 3 9 0.24969453194959645
5 3 10 0.17746390145359192
5 4 1 0.0964121867451736
5 4 2 0.20962385641786985
5 4 3 0.013560526451204757
5 4 4 0.03533027857894433
5 4 5 0.22108754890182192
5 4 6 0.4822995790700555
5 4 7 0.31481243680975346
5 4 8 0.12656658340335725
5 4 9 0.19822912971659545
5 4 10 0.44397791717905666
5 5 1 0.43354447453212974
5 5 2 0.36670435079055275
5 5 3 0.33180196842671084
5 5 4 0.14333455412648477
5 5 5 0.054533942784859124
5 5 6 0.08993039381205903
5 5 7 0.4662239936061281
5 5 8 0.14878876150371212
5 5 9 0.2512041112616441
5 5 10 0.07994023193243738
5 6 1 0.25058790497959105
5 6 2 0.2234393885792899
5 6 3 0.11742263675622033
5 6 4 0.4151237540197389
5 6 5 0.011878653565629782
5 6 6 0.0744485659923183
5 6 9 0.022949032019659032
5 6 10 0.2787753517445779
5 7 1 0.10889502226020875
5 7 2 0.1908531494285698
5 7 3 0.13956852365020067
5 7 4 0.33616773034370706
5 7 5 0.3505563390513856
5 7 6 0.4059325251105129
5 7 7 0.06280434561137149
5 7 8 0.04858199910707095
5 7 9 0.27851869299451304
5 7 10 0.30295488729246667
5 8 2 0.3626368399374118
5 8 3 0.4612960166269553
5 8 4 0.0807735859748574
5 8 5 0.43903881036822223
5 8 6 0.10429365615043806
5 8 7 0.21182718800448075
5 8 8 0.2623379941595032
5 8 9 0.002845549323852725
5 8 10 0.2867903904685697
5 9 1 0.12826741382026896
5 9 2 0.30426711705579657
5 9 3 0.08564674673472994
5 9 4 0.04455920462123919
5 9 5 0.09025396233161309
5 9 6 0.3960527427880892
5 9 7 0.16525439542142883
5 9 8 0.30563111681613764
5 9 9 0.12067807080406112
5 10 1 0.43401330908351066
5 10 2 0.060926894359945694
5 10 3 0.06768405796669885
5 10 4 0.32551640847704644
5 10 5 0.30912596053709396
5 10 6 0.17357115290818093
5 10 7 0.39817394002004414
5 10 8 0.36104471837941565
5 10 9 0.42165362052081345
5 10 10 0.033889979982504426
6 1 1 0.3965634679172275
6 1 2 0.3773194810912889
6 1 3 0.2980271574199278
6 1 4 0.09050528598110563
6 1 6 0.3010037123654985
6 1 7 0.4956749478382906
6 1 8 0.001093731066493353
6 1 9 0.3600618074407028
6 1 10 0.19121587143495
6 2 1 0.04520088885703222
6 2 2 0.03199399972021322
6 2 3 0.1975798381791537
6 2 5 0.2304619046949744
6 2 6 0.21744559221187576
6 2 7 0.00816999999340895
6 2 8 0.20218053125244506
6 2 10 0.31601907712226607
6 3 1 0.2995148679674834
6 3 2 0.3414701266063547
6 3 3 0.39203465443661056
6 3 4 0.3690802585160802
6 3 6 0.30998913729218525
6 3 7 0.11008921059723653
6 3 9 0.36849899643226536
6 3 10 0.2568947854737399
6 4 1 0.33634528100031813
6 4 2 0.07963417286358465
6 4 4 0.15074680721931277
6 4 5 0.23949313343915102
6 4 6 0.10306295807004773
6 4 7 0.40100199857140806
6 4 8 0.1561424952325069
6 4 9 0.28466406729041693
6 4 10 0.08481023105804253
6 5 1 0.13280398967017204
6 5 2 0.37473743769253476
6 5 3 0.31080494617054377
6 5 4 0.4414289763435737
6 5 5 0.34954276122230776
6 5 6 0.18661399300888182
6 5 7 0.013886950589707459
6 5 8 0.28140947806645933
6 5 9 0.36730872358860545
6 5 10 0.38249584076338194
6 6 1 0.04542866825310177
6 6 2 0.04302963927305625
6 6 3 0.2948104404892484
6 6 4 0.4076142040596481
6 6 5 0.42936971913930067
6 6 6 0.16811406029881892
6 6 7 0.023638963149347436
6 6 8 0.392696926817211
6 6 9 0.10331904975627881
6 6 10 0.47873279394428736
6 7 2 0.47050747112744773
6 7 3 0.47759511023117596
6 7 4 0.24147296989248124
6 7 5 0.44929467275719503
6 7 6 0.0001258353054440775
6 7 7 0.2092211009785896
6 7 9 0.33720217128571384
6 7 10 0.03785932281066029
6 8 1 0.17880226833695778
6 8 2 0.14280259646748195
6 8 3 0.19528674430466686
6 8 4 0.1340741331555052
6 8 5 0.2801972878950638
6 8 6 0.2656241630125603
6 8 7 0.13826184868586822
6 8 8 0.41175070488286536
6 8 9 0.4320156731786703
6 8 10 0.48071989481085464
6 9 1 0.2508539096958884
6 9 2 0.3485218985779628
6 9 3 0.41401114769095515
6 9 4 0.06970889530015434
6 9 5 0.13083253686714724
6 9 6 0.01623862621879768
6 9 7 0.23221197240532876
6 9 9 0.05411305997641913
6 9 10 0.18136373928640814
6 10 1 0.3661741007618625
6 10 2 0.20140360556789905
6 10 3 0.172891799278298
6 10 4 0.2803000856193111
6 10 5 0.022951394531378844
6 10 6 0.1256834245895141
6 10 7 0.09721956240055607
6 10 8 0.1390147327487835
6 10 9 0.43446394936992516
6 10 10 0.33899397449922297
7 1 2 0.35085419557701647
7 1 4 0.36218617248874696
7 1 5 0.2879639373234907
7 1 6 0.3917918411376412
7 1 7 0.2856987487030552
7 1 8 0.11115319496900311
7 1 9 0.3444191680492379
7 1 10 0.2571634469853342
7 2 1 0.03917740136171133
7 2 2 0.27560040888192183
7 2 4 0.3084969038451043
7 2 5 0.2395386765193177
7 2 6 0.3374983089633238
7 2 7 0.12533872477442376
7 2 8 0.49236755891872497
7 2 9 0.3888308243643437
7 2 10 0.39096260557882356
7 3 1 0.2696920269118481
7 3 2 0.1572468919320834
7 3 3 0.42625843990684276
7 3 4 0.00031970425653637946
7 3 5 0.1237825127472234
7 3 6 0.2683527566723197
7 3 7 0.24249177667854926
7 3 8 0.06826510505528072
7 3 9 0.21279540968289457
7 3 10 0.012175726130508324
7 4 1 0.1824426252763317
7 4 2 0.1614633289092695
7 4 3 0.24036420349245102
7 4 4 0.45687736943296764
7 4 5 0.17730202141396567
7 4 6 0.3596336743841133
7 4 7 0.12429888348348606
7 4 8 0.22419920706313168
7 4 10 0.48374476613086415
7 5 1 0.436627627355766
7 5 2 0.28395939595402
7 5 3 0.3631994342838637
7 5 4 0.33280805047041884
7 5 6 0.4469962180592445
7 5 7 0.1910411918858218
7 5 8 0.43404087351875276
7 5 9 0.0936504814731528
7 5 10 0.10646577359418141
7 6 1 0.3505858604475116
7 6 2 0.36765891728131683
7 6 3 0.15698288384074255
7 6 4 0.47606723367757875
7 6 5 0.1648023674969551
7 6 7 0.3904000572946076
7 6 8 0.3491096362671642
7 6 9 0.23340976489004406
7 6 10 0.09912551381185264
7 7 1 0.4751890080400253
7 7 2 0.1514753729191718
7 7 4 0.1356844680494812
7 7 5 0.3239013803262749
7 7 8 0.20968614455204004
7 7 9 0.23374162364897577
7 7 10 0.008697949474443467
7 8 1 0.2787201301873917
7 8 2 0.38923710450162596
7 8 3 0.18721688768811373
7 8 4 0.1454565185842035
7 8 6 0.286356303655921
7 8 8 0.10524642732998923
7 8 9 0.215011275653901
7 8 10 0.21036003073009024
7 9 1 0.3374967957672179
7 9 2 0.16627243100409628
7 9 3 0.29601111727157836
7 9 4 0.43316942434105765
7 9 5 0.0039100017698155964
7 9 7 0.11768476982989795
7 9 9 0.32495185172823315
7 9 10 0.20861251869377218
7 10 1 0.01325522768612819
7 10 2 0.39575071721944177
7 10 3 0.03373656688576565
7 10 4 0.4083892638961939
7 10 5 0.12259176480471634
7 10 6 0.3788714519849089
7 10 7 0.48031309993078697
7 10 8 0.19025620442587277
7 10 9 0.1521970641679945
7 10 10 0.06305457748714005
8 1 1 0.3617864754279926
8 1 2 0.13842294206992767
8 1 3 0.4267162039386643
8 1 4 0.2015023279652769
8 1 6 0.022579746815513557
8 1 7 0.16118748356398283
8 1 8 0.08232923310799978
8 1 9 0.027581666215595546
8 1 10 0.3086852345075629
8 2 1 0.4937076307032564
8 2 2 0.4774669328250424
8 2 3 0.2794265767673708
8 2 4 0.3461689584252079
8 2 5 0.11557811225840786
8 2 7 0.44357051826150296
8 2 8 0.4085078366862924
8 2 9 0.4479211162466299
8 2 10 0.02110186165546868
8 3 1 0.3564608480148168
8 3 2 0.19158315817068094
8 3 3 0.12384695244465305
8 3 4 0.18396534924067764
8 3 5 0.028928191682124238
8 3 6 0.2021198500467759
8 3 7 0.21537949710173454
8 3 8 0.20638393128449684
8 3 9 0.3682973181805589
8 3 10 0.04959784000715983
8 4 3 0.20982151098971058
8 4 4 0.4085857481517091
8 4 5 0.17546710906900975
8 4 6 0.11110965964708441
8 4 7 0.17343983984090405
8 4 8 0.0443642568264041
8 4 9 0.3021676335928646
8 4 10 0.12534077628392526
8 5 1 0.26072412787205335
8 5 2 0.11631197073123145
8 5 3 0.4789912680108416
8 5 4 0.2801994569667188
8 5 5 0.10634828087983794
8 5 6 0.26370879274852366
8 5 7 0.16919322369554612
8 5 8 0.2684926212443357
8 5 9 0.47570072064236435
8 5 10 0.36336697297328535
8 6 2 0.07075191318855878
8 6 3 0.4529470253314667
8 6 4 0.38121184789531104
8 6 5 0.3843154721850647
8 6 6 0.45130704402545685
8 6 7 0.21176588556220777
8 6 8 0.08702949848128427
8 6 9 0.19790240493005473
8 7 1 0.02721270788801411
8 7 2 0.05835244494144942
8 7 3 0.3796600226649225
8 7 4 0.2748212445442153
8 7 5 0.21296849292633446
8 7 6 0.3136430923170863
8 7 7 0.4714322786899545
8 7 8 0.04008802769441011
8 7 9 0.3585276089400734
8 7 10 0.4716885357927687
8 8 2 0.28051485906668827
8 8 5 0.08271847185237513
8 8 6 0.21646783349711707
8 8 7 0.4792502063475247
8 8 8 0.1973207028202657
8 8 9 0.39268345220051204
8 8 10 0.3954772868279698
8 9 2 0.1559850829662235
8 9 3 0.4959898404303894
8 9 4 0.05711028484766223
8 9 5 0.3039097324407757
8 9 6 0.18080325706430211
8 9 7 0.31538139768505
8 9 10 0.4582256055945879
8 10 1 0.3745004164783814
8 10 2 0.09081886848201837
8 10 3 0.05489690756008736
8 10 4 0.06819814390449852
8 10 5 0.40795806699828663
8 10 6 0.06054174432080417
8 10 7 0.29575246423036305
8 10 8 0.4785372243396169
8 10 9 0.08853916833953313
8 10 10 0.0701865525716151
9 1 1 0.36682970009993254
9 1 2 0.1885671015409729
9 1 3 0.1618472217497463
9 1 4 0.43890736905860506
9 1 5 0.43435836522489946
9 1 6 0.08222981639963145
9 1 8 0.25042010604943243
9 1 9 0.19523314113267842
9 1 10 0.327000093932193
9 2 1 0.18424564233114982
9 2 2 0.24546623903498976
9 2 3 0.10384413268793835
9 2 4 0.16186428658445884
9 2 5 0.26781332198530694
9 2 6 0.06628695692408293
9 2 7 0.29619188186966317
9 2 8 0.3960841798098148
9 2 9 0.1808211119816987
9 2 10 0.3513401124989002
9 3 1 0.0812030273094343
9 3 2 0.10441917008512436
9 3 3 0.18283138182827174
9 3 4 0.05865261995005888
9 3 5 0.2723213992033797
9 3 6 0.3598211106855639
9 3 7 0.3814325974050604
9 3 8 0.19419512538672
9 3 9 0.44607739187092077
9 3 10 0.49899059791085254
9 4 1 0.2467038191521106
9 4 3 0.03108562705465423
9 4 4 0.2903718930190864
9 4 5 0.41277044928683204
9 4 6 0.44156034955682255
9 4 7 0.19046426320399046
9 4 8 0.10078481152972507
9 4 9 0.423417515147251
9 4 10 0.3802633566596577
9 5 1 0.21358946784103583
9 5 2 0.36934721286176464
9 5 4 0.15279785310646077
9 5 5 0.10220264273116442
9 5 6 0.16007744957128023
9 5 7 0.4550784294858844
9 5 8 0.35439134618209445
9 5 9 0.45466670657178165
9 5 10 0.4814887242618767
9 6 1 0.4645382613766317
9 6 2 0.02143545726428331
9 6 4 0.48898939077506465
9 6 5 0.498885646920465
9 6 6 0.058173174632573876
9 6 7 0.45368743000489486
9 6 8 0.3751775338959825
9 6 9 0.07159812085325201
9 6 10 0.3230249414590971
9 7 1 0.16403582226697733
9 7 2 0.4190740887966351
9 7 3 0.4567929382122172
9 7 4 0.15645793847109335
9 7 5 0.3804702203600697
9 7 6 0.28272682898853385
9 7 7 0.3087900305541623
9 7 8 0.13039311313805568
9 7 9 0.2349426562070296
9 7 10 0.3719090910681776
9 8 1 0.15193637852254438
9 8 2 0.11824137942861335
9 8 4 0.32988751841789843
9 8 5 0.23418962054506798
9 8 6 0.23946827388554315
9 8 7 0.3627267921418944
9 8 8 0.11915886039412704
9 8 9 0.3751653638507635
9 8 10 0.19803612318189157
9 9 1 0.20232513304457322
9 9 2 0.167982435218327
9 9 4 0.49893558602779153
9 9 5 0.13114563708863447
9 9 6 0.15236392912335528
9 9 7 0.07161180907733733
9 9 8 0.4033066240338622
9 9 9 0.07738130753336292
9 10 1 0.14298320743777293
9 10 2 0.376483413200396
9 10 3 0.3421028342692043
9 10 4 0.16528944498640574
9 10 5 0.09129786892695657
9 10 6 0.20727607114044977
9 10 7 0.15360890601497512
9 10 8 0.3530058648958194
9 10 9 0.09776069047029023
9 10 10 0.16794420808720956
10 1 1 0.14882800099260873
10 1 2 0.48998155358432693
10 1 3 0.37089685262420424
10 1 4 0.4328451873863165
10 1 5 0.3961755796825551
10 1 6 0.09995332676317237
10 1 7 0.3999716583530699
10 1 8 0.3001618415562237
10 1 9 0.12528420052626588
10 1 10 0.3317994655182045
10 2 1 0.008043481906078953
10 2 2 0.24930995728806804
10 2 3 0.20396800011973681
10 2 4 0.11432625736248891
10 2 5 0.24440572289422935
10 2 6 0.3702926207522952
10 2 7 0.14485625111068945
10 2 8 0.2890537647378709
10 2 9 0.19696415736487516
10 2 10 0.09380501298342991
10 3 1 0.3201536498856835
10 3 2 0.3971593695019633
10 3 3 0.44597473392717046
10 3 4 0.03393537625756926
10 3 5 0.009617507614336107
10 3 6 0.31477946654283084
10 3 7 0.10875101757570027
10 3 8 0.023351589013710372
10 3 9 0.3448033765156042
10 3 10 0.3290612275055369
10 4 2 0.0011401730602614846
10 4 3 0.2511846387666402
10 4 4 0.22015520230338947
10 4 5 0.0756900964245284
10 4 6 0.09275964272946247
10 4 7 0.008690268145642444
10 4 9 0.272424702545938
10 4 10 0.2216483523685151
10 5 1 0.22455534095280716
10 5 2 0.02782415809582106
10 5 3 0.40080422907017244
10 5 4 0.10046214807965959
10 5 5 0.18802311931944582
10 5 6 0.07828441331661529
10 5 8 0.009354921764229363
10 5 9 0.19244882771848415
10 5 10 0.43856338833055697
10 6 1 0.1600677414758599
10 6 3 0.01047932824945541
10 6 4 0.4277594318897435
10 6 5 0.09184426245728117
10 6 6 0.38075259563211894
10 6 7 0.43921199680770573
10 6 9 0.0985592201765253
10 6 10 0.3158835435168533
10 7 1 0.0182364347758599
10 7 2 0.014516199980185829
10 7 3 0.12074447785223885
10 7 4 0.2445892201398393
10 7 5 0.18455170725941694
10 7 6 0.4540724280205046
10 7 7 0.07042942232994398
10 7 8 0.2360339538694355
10 7 10 0.1153463677264005
10 8 1 0.4558693470311722
10 8 2 0.1943278407170116
10 8 3 0.4254063723029202
10 8 4 0.07565427826170334
10 8 5 0.43835506311603323
10 8 6 0.1044776616639006
10 8 7 0.19427804831468043
10 8 8 0.04446793182695019
10 8 9 0.3465467120002682
10 8 10 0.3190803112886942
10 9 1 0.09119792404205651
10 9 2 0.4243503187746208
10 9 3 0.23537900481547946
10 9 4 0.3806058862143191
10 9 5 0.05285717614039087
10 9 6 0.16472269664680228
10 9 7 0.1934751345591963
10 9 8 0.29742083344217674
10 9 9 0.05065551816447744
10 9 10 0.11262111612236803
10 10 1 0.049124030914466044
10 10 2 0.27594105389830814
10 10 3 0.3601291636411921
10 10 4 0.06116173700955996
10 10 5 0.47159368419652725
10 10 6 0.17930255621356328
10 10 7 0.17273070307591176
10 10 9 0.18038784551402443
10 10 10 0.2454605981986755
